Frequency	S11(dB)	S21(dB)
1.095000000000000107e+01	-2.296331370640456171e-01	-1.287824437009713208e+01
1.095355000000000167e+01	-2.299906262405106983e-01	-1.287193400928082987e+01
1.095710000000000051e+01	-2.303480853230708281e-01	-1.286562917077703005e+01
1.096065000000000111e+01	-2.307055171803578109e-01	-1.285932984329853035e+01
1.096420000000000172e+01	-2.310629246605139797e-01	-1.285303601558810982e+01
1.096775000000000055e+01	-2.314203105913037739e-01	-1.284674767641846849e+01
1.097130000000000116e+01	-2.317776777802351973e-01	-1.284046481459210121e+01
1.097485000000000177e+01	-2.321350290146684814e-01	-1.283418741894129589e+01
1.097840000000000060e+01	-2.324923670619435945e-01	-1.282791547832800205e+01
1.098195000000000121e+01	-2.328496946694839087e-01	-1.282164898164377398e+01
1.098550000000000182e+01	-2.332070145649189630e-01	-1.281538791780970676e+01
1.098905000000000065e+01	-2.335643294561900452e-01	-1.280913227577634217e+01
1.099260000000000126e+01	-2.339216420316730660e-01	-1.280288204452359579e+01
1.099615000000000187e+01	-2.342789549602844468e-01	-1.279663721306070201e+01
1.099970000000000070e+01	-2.346362708915968043e-01	-1.279039777042610915e+01
1.100325000000000131e+01	-2.349935924559401201e-01	-1.278416370568741733e+01
1.100680000000000192e+01	-2.353509222645412402e-01	-1.277793500794130388e+01
1.101035000000000075e+01	-2.357082629095924586e-01	-1.277171166631344690e+01
1.101390000000000136e+01	-2.360656169644009816e-01	-1.276549366995843648e+01
1.101745000000000019e+01	-2.364229869834684472e-01	-1.275928100805971077e+01
1.102100000000000080e+01	-2.367803755026166579e-01	-1.275307366982947599e+01
1.102455000000000140e+01	-2.371377850390940234e-01	-1.274687164450862120e+01
1.102810000000000024e+01	-2.374952180916755640e-01	-1.274067492136666324e+01
1.103165000000000084e+01	-2.378526771407771800e-01	-1.273448348970163480e+01
1.103520000000000145e+01	-2.382101646485540736e-01	-1.272829733884004000e+01
1.103875000000000028e+01	-2.385676830590198194e-01	-1.272211645813676029e+01
1.104230000000000089e+01	-2.389252347981347946e-01	-1.271594083697496558e+01
1.104585000000000150e+01	-2.392828222739295796e-01	-1.270977046476607342e+01
1.104940000000000033e+01	-2.396404478765903623e-01	-1.270360533094963174e+01
1.105295000000000094e+01	-2.399981139785773987e-01	-1.269744542499325668e+01
1.105650000000000155e+01	-2.403558229347264596e-01	-1.269129073639256866e+01
1.106005000000000038e+01	-2.407135770823325138e-01	-1.268514125467108400e+01
1.106360000000000099e+01	-2.410713787412829545e-01	-1.267899696938016341e+01
1.106715000000000160e+01	-2.414292302141385349e-01	-1.267285787009892140e+01
1.107070000000000043e+01	-2.417871337862348702e-01	-1.266672394643415345e+01
1.107425000000000104e+01	-2.421450917257900459e-01	-1.266059518802024542e+01
1.107780000000000165e+01	-2.425031062840063978e-01	-1.265447158451910958e+01
1.108135000000000048e+01	-2.428611796951591906e-01	-1.264835312562011183e+01
1.108490000000000109e+01	-2.432193141767034494e-01	-1.264223980103995792e+01
1.108845000000000169e+01	-2.435775119293726587e-01	-1.263613160052266160e+01
1.109200000000000053e+01	-2.439357751372727978e-01	-1.263002851383943970e+01
1.109555000000000113e+01	-2.442941059679878679e-01	-1.262393053078862515e+01
1.109910000000000174e+01	-2.446525065726651016e-01	-1.261783764119561724e+01
1.110265000000000057e+01	-2.450109790861178527e-01	-1.261174983491278034e+01
1.110620000000000118e+01	-2.453695256269243508e-01	-1.260566710181936756e+01
1.110975000000000179e+01	-2.457281482975249010e-01	-1.259958943182144964e+01
1.111330000000000062e+01	-2.460868491842968520e-01	-1.259351681485184393e+01
1.111685000000000123e+01	-2.464456303576806062e-01	-1.258744924087000783e+01
1.112040000000000184e+01	-2.468044938722487314e-01	-1.258138669986199076e+01
1.112395000000000067e+01	-2.471634417668132078e-01	-1.257532918184034010e+01
1.112750000000000128e+01	-2.475224760645082511e-01	-1.256927667684401584e+01
1.113105000000000189e+01	-2.478815987728988646e-01	-1.256322917493833558e+01
1.113460000000000072e+01	-2.482408118840508104e-01	-1.255718666621487678e+01
1.113815000000000133e+01	-2.486001173746349435e-01	-1.255114914079139332e+01
1.114170000000000194e+01	-2.489595172060323214e-01	-1.254511658881176572e+01
1.114525000000000077e+01	-2.493190133243888829e-01	-1.253908900044589458e+01
1.114880000000000138e+01	-2.496786076607461768e-01	-1.253306636588962419e+01
1.115235000000000198e+01	-2.500383021311002874e-01	-1.252704867536468747e+01
1.115590000000000082e+01	-2.503980986365079153e-01	-1.252103591911860114e+01
1.115945000000000142e+01	-2.507579990631717548e-01	-1.251502808742460360e+01
1.116300000000000026e+01	-2.511180052825200404e-01	-1.250902517058157315e+01
1.116655000000000086e+01	-2.514781191513150715e-01	-1.250302715891394634e+01
1.117010000000000147e+01	-2.518383425117175500e-01	-1.249703404277163266e+01
1.117365000000000030e+01	-2.521986771913860004e-01	-1.249104581252996837e+01
1.117720000000000091e+01	-2.525591250035678081e-01	-1.248506245858959929e+01
1.118075000000000152e+01	-2.529196877471690530e-01	-1.247908397137641856e+01
1.118430000000000035e+01	-2.532803672068646428e-01	-1.247311034134150454e+01
1.118785000000000096e+01	-2.536411651531569889e-01	-1.246714155896101417e+01
1.119140000000000157e+01	-2.540020833424790903e-01	-1.246117761473612973e+01
1.119495000000000040e+01	-2.543631235172748029e-01	-1.245521849919296820e+01
1.119850000000000101e+01	-2.547242874060811069e-01	-1.244926420288250668e+01
1.120205000000000162e+01	-2.550855767236112071e-01	-1.244331471638049891e+01
1.120560000000000045e+01	-2.554469931708428510e-01	-1.243737003028742194e+01
1.120915000000000106e+01	-2.558085384350885505e-01	-1.243143013522836426e+01
1.121270000000000167e+01	-2.561702141901009977e-01	-1.242549502185297960e+01
1.121625000000000050e+01	-2.565320220961300191e-01	-1.241956468083538390e+01
1.121980000000000111e+01	-2.568939638000216075e-01	-1.241363910287409844e+01
1.122335000000000171e+01	-2.572560409352864785e-01	-1.240771827869196287e+01
1.122690000000000055e+01	-2.576182551221949946e-01	-1.240180219903606940e+01
1.123045000000000115e+01	-2.579806079678423902e-01	-1.239589085467765983e+01
1.123400000000000176e+01	-2.583431010662453620e-01	-1.238998423641208113e+01
1.123755000000000059e+01	-2.587057359983983007e-01	-1.238408233505870015e+01
1.124110000000000120e+01	-2.590685143323868123e-01	-1.237818514146079352e+01
1.124465000000000181e+01	-2.594314376234254649e-01	-1.237229264648554050e+01
1.124820000000000064e+01	-2.597945074139690336e-01	-1.236640484102387738e+01
1.125175000000000125e+01	-2.601577252337770596e-01	-1.236052171599045479e+01
1.125530000000000186e+01	-2.605210925999937865e-01	-1.235464326232356669e+01
1.125885000000000069e+01	-2.608846110172171051e-01	-1.234876947098506506e+01
1.126240000000000130e+01	-2.612482819775929221e-01	-1.234290033296027289e+01
1.126595000000000191e+01	-2.616121069608791094e-01	-1.233703583925793446e+01
1.126950000000000074e+01	-2.619760874345206658e-01	-1.233117598091012823e+01
1.127305000000000135e+01	-2.623402248537249903e-01	-1.232532074897216390e+01
1.127660000000000196e+01	-2.627045206615540307e-01	-1.231947013452256456e+01
1.128015000000000079e+01	-2.630689762889754646e-01	-1.231362412866295131e+01
1.128370000000000140e+01	-2.634335931549529608e-01	-1.230778272251796679e+01
1.128725000000000023e+01	-2.637983726665115713e-01	-1.230194590723522374e+01
1.129080000000000084e+01	-2.641633162188196660e-01	-1.229611367398520549e+01
1.129435000000000144e+01	-2.645284251952577104e-01	-1.229028601396121978e+01
1.129790000000000028e+01	-2.648937009674871557e-01	-1.228446291837929927e+01
1.130145000000000088e+01	-2.652591448955349818e-01	-1.227864437847813761e+01
1.130500000000000149e+01	-2.656247583278550373e-01	-1.227283038551901839e+01
1.130855000000000032e+01	-2.659905426014044783e-01	-1.226702093078573341e+01
1.131210000000000093e+01	-2.663564990417149891e-01	-1.226121600558451163e+01
1.131565000000000154e+01	-2.667226289629653357e-01	-1.225541560124396057e+01
1.131920000000000037e+01	-2.670889336680498105e-01	-1.224961970911496678e+01
1.132275000000000098e+01	-2.674554144486515073e-01	-1.224382832057063908e+01
1.132630000000000159e+01	-2.678220725853082129e-01	-1.223804142700623920e+01
1.132985000000000042e+01	-2.681889093474882357e-01	-1.223225901983908770e+01
1.133340000000000103e+01	-2.685559259936636245e-01	-1.222648109050851417e+01
1.133695000000000164e+01	-2.689231237713581857e-01	-1.222070763047577913e+01
1.134050000000000047e+01	-2.692905039172412973e-01	-1.221493863122399937e+01
1.134405000000000108e+01	-2.696580676571823099e-01	-1.220917408425805917e+01
1.134760000000000169e+01	-2.700258162063272627e-01	-1.220341398110456943e+01
1.135115000000000052e+01	-2.703937507691593911e-01	-1.219765831331177885e+01
1.135470000000000113e+01	-2.707618725395677939e-01	-1.219190707244948868e+01
1.135825000000000173e+01	-2.711301827009180987e-01	-1.218616025010901716e+01
1.136180000000000057e+01	-2.714986824261169662e-01	-1.218041783790308941e+01
1.136535000000000117e+01	-2.718673728776839216e-01	-1.217467982746579302e+01
1.136890000000000178e+01	-2.722362552078050335e-01	-1.216894621045248925e+01
1.137245000000000061e+01	-2.726053305584114628e-01	-1.216321697853975969e+01
1.137600000000000122e+01	-2.729746000612411905e-01	-1.215749212342531571e+01
1.137955000000000183e+01	-2.733440648378971383e-01	-1.215177163682794514e+01
1.138310000000000066e+01	-2.737137259999294359e-01	-1.214605551048743592e+01
1.138665000000000127e+01	-2.740835846488762773e-01	-1.214034373616449436e+01
1.139020000000000188e+01	-2.744536418763520724e-01	-1.213463630564069717e+01
1.139375000000000071e+01	-2.748238987640917452e-01	-1.212893321071840269e+01
1.139730000000000132e+01	-2.751943563840280049e-01	-1.212323444322068511e+01
1.140085000000000193e+01	-2.755650157983478010e-01	-1.211753999499127943e+01
1.140440000000000076e+01	-2.759358780595543847e-01	-1.211184985789449087e+01
1.140795000000000137e+01	-2.763069442105401397e-01	-1.210616402381513268e+01
1.141150000000000198e+01	-2.766782152846404275e-01	-1.210048248465847109e+01
1.141505000000000081e+01	-2.770496923056846583e-01	-1.209480523235013827e+01
1.141860000000000142e+01	-2.774213762880888279e-01	-1.208913225883606302e+01
1.142215000000000202e+01	-2.777932682368867701e-01	-1.208346355608242462e+01
1.142570000000000086e+01	-2.781653691478079837e-01	-1.207779911607556400e+01
1.142925000000000146e+01	-2.785376800073297021e-01	-1.207213893082191092e+01
1.143280000000000030e+01	-2.789102017927466148e-01	-1.206648299234794308e+01
1.143635000000000090e+01	-2.792829354722240476e-01	-1.206083129270008314e+01
1.143990000000000151e+01	-2.796558820048610228e-01	-1.205518382394466315e+01
1.144345000000000034e+01	-2.800290423407471030e-01	-1.204954057816784641e+01
1.144700000000000095e+01	-2.804024174210304476e-01	-1.204390154747553687e+01
1.145055000000000156e+01	-2.807760081779658856e-01	-1.203826672399335429e+01
1.145410000000000039e+01	-2.811498155349722028e-01	-1.203263609986653648e+01
1.145765000000000100e+01	-2.815238404067088029e-01	-1.202700966725987897e+01
1.146120000000000161e+01	-2.818980836991190619e-01	-1.202138741835766922e+01
1.146475000000000044e+01	-2.822725463094843956e-01	-1.201576934536363872e+01
1.146830000000000105e+01	-2.826472291265022529e-01	-1.201015544050086525e+01
1.147185000000000166e+01	-2.830221330303185345e-01	-1.200454569601171961e+01
1.147540000000000049e+01	-2.833972588925983138e-01	-1.199894010415781764e+01
1.147895000000000110e+01	-2.837726075765903966e-01	-1.199333865721992254e+01
1.148250000000000171e+01	-2.841481799371662897e-01	-1.198774134749790932e+01
1.148605000000000054e+01	-2.845239768208883135e-01	-1.198214816731068311e+01
1.148960000000000115e+01	-2.848999990660610049e-01	-1.197655910899610809e+01
1.149315000000000175e+01	-2.852762475027912359e-01	-1.197097416491096844e+01
1.149670000000000059e+01	-2.856527229530373413e-01	-1.196539332743088480e+01
1.150025000000000119e+01	-2.860294262306725122e-01	-1.195981658895023791e+01
1.150380000000000180e+01	-2.864063581415299820e-01	-1.195424394188213313e+01
1.150735000000000063e+01	-2.867835194834712498e-01	-1.194867537865832041e+01
1.151090000000000124e+01	-2.871609110464224401e-01	-1.194311089172912688e+01
1.151445000000000185e+01	-2.875385336124454128e-01	-1.193755047356340704e+01
1.151800000000000068e+01	-2.879163879557865013e-01	-1.193199411664846998e+01
1.152155000000000129e+01	-2.882944748429201454e-01	-1.192644181349000831e+01
1.152510000000000190e+01	-2.886727950326209435e-01	-1.192089355661205019e+01
1.152865000000000073e+01	-2.890513492760013459e-01	-1.191534933855689538e+01
1.153220000000000134e+01	-2.894301383165725494e-01	-1.190980915188503531e+01
1.153575000000000195e+01	-2.898091628902924599e-01	-1.190427298917511933e+01
1.153930000000000078e+01	-2.901884237256183718e-01	-1.189874084302386237e+01
1.154285000000000139e+01	-2.905679215435681417e-01	-1.189321270604599690e+01
1.154640000000000200e+01	-2.909476570577616550e-01	-1.188768857087421438e+01
1.154995000000000083e+01	-2.913276309744712300e-01	-1.188216843015910129e+01
1.155350000000000144e+01	-2.917078439926861777e-01	-1.187665227656907696e+01
1.155705000000000027e+01	-2.920882968041510486e-01	-1.187114010279032250e+01
1.156060000000000088e+01	-2.924689900934241416e-01	-1.186563190152673464e+01
1.156415000000000148e+01	-2.928499245379190263e-01	-1.186012766549985997e+01
1.156770000000000209e+01	-2.932311008079699355e-01	-1.185462738744882927e+01
1.157125000000000092e+01	-2.936125195668662924e-01	-1.184913106013030060e+01
1.157480000000000153e+01	-2.939941814709133294e-01	-1.184363867631839895e+01
1.157835000000000036e+01	-2.943760871694792725e-01	-1.183815022880466294e+01
1.158190000000000097e+01	-2.947582373050410820e-01	-1.183266571039795778e+01
1.158545000000000158e+01	-2.951406325132351904e-01	-1.182718511392446104e+01
1.158900000000000041e+01	-2.955232734229145120e-01	-1.182170843222756496e+01
1.159255000000000102e+01	-2.959061606561824154e-01	-1.181623565816781785e+01
1.159610000000000163e+01	-2.962892948284562844e-01	-1.181076678462290097e+01
1.159965000000000046e+01	-2.966726765485067641e-01	-1.180530180448753086e+01
1.160320000000000107e+01	-2.970563064185047231e-01	-1.179984071067340778e+01
1.160675000000000168e+01	-2.974401850340785969e-01	-1.179438349610918380e+01
1.161030000000000051e+01	-2.978243129843480830e-01	-1.178893015374036857e+01
1.161385000000000112e+01	-2.982086908519908652e-01	-1.178348067652929210e+01
1.161740000000000173e+01	-2.985933192132710357e-01	-1.177803505745504609e+01
1.162095000000000056e+01	-2.989781986380918299e-01	-1.177259328951341644e+01
1.162450000000000117e+01	-2.993633296900484186e-01	-1.176715536571682463e+01
1.162805000000000177e+01	-2.997487129264693184e-01	-1.176172127909429577e+01
1.163160000000000061e+01	-3.001343488984602459e-01	-1.175629102269136261e+01
1.163515000000000121e+01	-3.005202381509596843e-01	-1.175086458957004254e+01
1.163870000000000182e+01	-3.009063812227727452e-01	-1.174544197280875224e+01
1.164225000000000065e+01	-3.012927786466246260e-01	-1.174002316550227754e+01
1.164580000000000126e+01	-3.016794309492065174e-01	-1.173460816076169877e+01
1.164935000000000187e+01	-3.020663386512172921e-01	-1.172919695171433752e+01
1.165290000000000070e+01	-3.024535022674061935e-01	-1.172378953150371039e+01
1.165645000000000131e+01	-3.028409223066226286e-01	-1.171838589328945623e+01
1.166000000000000192e+01	-3.032285992718628531e-01	-1.171298603024729701e+01
1.166355000000000075e+01	-3.036165336603078302e-01	-1.170758993556897209e+01
1.166710000000000136e+01	-3.040047259633699150e-01	-1.170219760246218321e+01
1.167065000000000197e+01	-3.043931766667387073e-01	-1.169680902415055179e+01
1.167420000000000080e+01	-3.047818862504227955e-01	-1.169142419387354437e+01
1.167775000000000141e+01	-3.051708551887936105e-01	-1.168604310488642994e+01
1.168130000000000202e+01	-3.055600839506292798e-01	-1.168066575046022493e+01
1.168485000000000085e+01	-3.059495729991592028e-01	-1.167529212388163629e+01
1.168840000000000146e+01	-3.063393227921012985e-01	-1.166992221845300293e+01
1.169195000000000206e+01	-3.067293337817104670e-01	-1.166455602749225662e+01
1.169550000000000090e+01	-3.071196064148246641e-01	-1.165919354433285271e+01
1.169905000000000150e+01	-3.075101411328916567e-01	-1.165383476232372217e+01
1.170260000000000034e+01	-3.079009383720329174e-01	-1.164847967482921831e+01
1.170615000000000094e+01	-3.082919985630656612e-01	-1.164312827522905813e+01
1.170970000000000155e+01	-3.086833221315555265e-01	-1.163778055691827795e+01
1.171325000000000038e+01	-3.090749094978604283e-01	-1.163243651330718542e+01
1.171680000000000099e+01	-3.094667610771586475e-01	-1.162709613782128670e+01
1.172035000000000160e+01	-3.098588772795069501e-01	-1.162175942390125272e+01
1.172390000000000043e+01	-3.102512585098698428e-01	-1.161642636500285164e+01
1.172745000000000104e+01	-3.106439051681612051e-01	-1.161109695459690982e+01
1.173100000000000165e+01	-3.110368176492909198e-01	-1.160577118616925851e+01
1.173455000000000048e+01	-3.114299963432007878e-01	-1.160044905322066988e+01
1.173810000000000109e+01	-3.118234416349046079e-01	-1.159513054926682152e+01
1.174165000000000170e+01	-3.122171539045341948e-01	-1.158981566783822714e+01
1.174520000000000053e+01	-3.126111335273631386e-01	-1.158450440248021707e+01
1.174875000000000114e+01	-3.130053808738730292e-01	-1.157919674675283517e+01
1.175230000000000175e+01	-3.133998963097673340e-01	-1.157389269423084244e+01
1.175585000000000058e+01	-3.137946801960205256e-01	-1.156859223850363705e+01
1.175940000000000119e+01	-3.141897328889249330e-01	-1.156329537317519929e+01
1.176295000000000179e+01	-3.145850547401158326e-01	-1.155800209186406313e+01
1.176650000000000063e+01	-3.149806460966186883e-01	-1.155271238820325408e+01
1.177005000000000123e+01	-3.153765073008846787e-01	-1.154742625584022697e+01
1.177360000000000184e+01	-3.157726386908363825e-01	-1.154214368843683935e+01
1.177715000000000067e+01	-3.161690405998895392e-01	-1.153686467966929463e+01
1.178070000000000128e+01	-3.165657133570127790e-01	-1.153158922322807634e+01
1.178425000000000189e+01	-3.169626572867445535e-01	-1.152631731281792149e+01
1.178780000000000072e+01	-3.173598727092433180e-01	-1.152104894215776199e+01
1.179135000000000133e+01	-3.177573599403261673e-01	-1.151578410498066773e+01
1.179490000000000194e+01	-3.181551192914949255e-01	-1.151052279503381826e+01
1.179845000000000077e+01	-3.185531510699857738e-01	-1.150526500607842806e+01
1.180200000000000138e+01	-3.189514555787991701e-01	-1.150001073188972356e+01
1.180555000000000199e+01	-3.193500331167372641e-01	-1.149475996625687380e+01
1.180910000000000082e+01	-3.197488839784473069e-01	-1.148951270298296379e+01
1.181265000000000143e+01	-3.201480084544449656e-01	-1.148426893588492526e+01
1.181620000000000203e+01	-3.205474068311631730e-01	-1.147902865879349754e+01
1.181975000000000087e+01	-3.209470793909804942e-01	-1.147379186555319563e+01
1.182330000000000148e+01	-3.213470264122622044e-01	-1.146855855002223024e+01
1.182685000000000031e+01	-3.217472481693914310e-01	-1.146332870607249532e+01
1.183040000000000092e+01	-3.221477449328136178e-01	-1.145810232758949176e+01
1.183395000000000152e+01	-3.225485169690551768e-01	-1.145287940847230246e+01
1.183750000000000213e+01	-3.229495645407793880e-01	-1.144765994263353726e+01
1.184105000000000096e+01	-3.233508879068059949e-01	-1.144244392399928145e+01
1.184460000000000157e+01	-3.237524873221508392e-01	-1.143723134650906026e+01
1.184815000000000040e+01	-3.241543630380656071e-01	-1.143202220411578374e+01
1.185170000000000101e+01	-3.245565153020687488e-01	-1.142681649078569883e+01
1.185525000000000162e+01	-3.249589443579760095e-01	-1.142161420049836096e+01
1.185880000000000045e+01	-3.253616504459405090e-01	-1.141641532724657004e+01
1.186235000000000106e+01	-3.257646338024828836e-01	-1.141121986503632968e+01
1.186590000000000167e+01	-3.261678946605327534e-01	-1.140602780788680981e+01
1.186945000000000050e+01	-3.265714332494519256e-01	-1.140083914983029523e+01
1.187300000000000111e+01	-3.269752497950795811e-01	-1.139565388491213405e+01
1.187655000000000172e+01	-3.273793445197498708e-01	-1.139047200719070396e+01
1.188010000000000055e+01	-3.277837176423486487e-01	-1.138529351073737317e+01
1.188365000000000116e+01	-3.281883693783244071e-01	-1.138011838963643640e+01
1.188720000000000176e+01	-3.285932999397341847e-01	-1.137494663798507233e+01
1.189075000000000060e+01	-3.289985095352691014e-01	-1.136977824989333641e+01
1.189430000000000121e+01	-3.294039983702953256e-01	-1.136461321948406322e+01
1.189785000000000181e+01	-3.298097666468830513e-01	-1.135945154089285936e+01
1.190140000000000065e+01	-3.302158145638380837e-01	-1.135429320826805188e+01
1.190495000000000125e+01	-3.306221423167248763e-01	-1.134913821577062620e+01
1.190850000000000186e+01	-3.310287500979270936e-01	-1.134398655757422247e+01
1.191205000000000069e+01	-3.314356380966472226e-01	-1.133883822786505036e+01
1.191560000000000130e+01	-3.318428064989574766e-01	-1.133369322084186948e+01
1.191915000000000191e+01	-3.322502554878240533e-01	-1.132855153071594856e+01
1.192270000000000074e+01	-3.326579852431474915e-01	-1.132341315171100327e+01
1.192625000000000135e+01	-3.330659959417828775e-01	-1.131827807806317665e+01
1.192980000000000196e+01	-3.334742877575790354e-01	-1.131314630402098231e+01
1.193335000000000079e+01	-3.338828608614065052e-01	-1.130801782384527066e+01
1.193690000000000140e+01	-3.342917154211893505e-01	-1.130289263180917381e+01
1.194045000000000201e+01	-3.347008516019380764e-01	-1.129777072219808609e+01
1.194400000000000084e+01	-3.351102695657816044e-01	-1.129265208930959830e+01
1.194755000000000145e+01	-3.355199694719862569e-01	-1.128753672745347103e+01
1.195110000000000028e+01	-3.359299514770034412e-01	-1.128242463095159565e+01
1.195465000000000089e+01	-3.363402157344901333e-01	-1.127731579413793206e+01
1.195820000000000149e+01	-3.367507623953399643e-01	-1.127221021135849277e+01
1.196175000000000210e+01	-3.371615916077133623e-01	-1.126710787697129668e+01
1.196530000000000094e+01	-3.375727035170722479e-01	-1.126200878534631045e+01
1.196885000000000154e+01	-3.379840982662082327e-01	-1.125691293086543254e+01
1.197240000000000038e+01	-3.383957759952603839e-01	-1.125182030792243104e+01
1.197595000000000098e+01	-3.388077368417664048e-01	-1.124673091092292054e+01
1.197950000000000159e+01	-3.392199809406756805e-01	-1.124164473428431066e+01
1.198305000000000220e+01	-3.396325084243869696e-01	-1.123656177243576870e+01
1.198660000000000103e+01	-3.400453194227697207e-01	-1.123148201981819838e+01
1.199015000000000164e+01	-3.404584140632029854e-01	-1.122640547088415630e+01
1.199370000000000047e+01	-3.408717924705964575e-01	-1.122133212009785730e+01
1.199725000000000108e+01	-3.412854547674244454e-01	-1.121626196193511049e+01
1.200080000000000169e+01	-3.416994010737551823e-01	-1.121119499088328375e+01
1.200435000000000052e+01	-3.421136315072702550e-01	-1.120613120144128239e+01
1.200790000000000113e+01	-3.425281461833042940e-01	-1.120107058811947276e+01
1.201145000000000174e+01	-3.429429452148707869e-01	-1.119601314543968584e+01
1.201500000000000057e+01	-3.433580287126821728e-01	-1.119095886793514083e+01
1.201855000000000118e+01	-3.437733967851927530e-01	-1.118590775015044159e+01
1.202210000000000178e+01	-3.441890495386120685e-01	-1.118085978664150382e+01
1.202565000000000062e+01	-3.446049870769416490e-01	-1.117581497197554619e+01
1.202920000000000122e+01	-3.450212095020006031e-01	-1.117077330073103347e+01
1.203275000000000183e+01	-3.454377169134519310e-01	-1.116573476749764815e+01
1.203630000000000067e+01	-3.458545094088294469e-01	-1.116069936687624775e+01
1.203985000000000127e+01	-3.462715870835734178e-01	-1.115566709347882579e+01
1.204340000000000188e+01	-3.466889500310418870e-01	-1.115063794192847624e+01
1.204695000000000071e+01	-3.471065983425564716e-01	-1.114561190685936687e+01
1.205050000000000132e+01	-3.475245321074171279e-01	-1.114058898291668243e+01
1.205405000000000193e+01	-3.479427514129295185e-01	-1.113556916475659264e+01
1.205760000000000076e+01	-3.483612563444367094e-01	-1.113055244704623448e+01
1.206115000000000137e+01	-3.487800469853492014e-01	-1.112553882446364284e+01
1.206470000000000198e+01	-3.491991234171549774e-01	-1.112052829169773460e+01
1.206825000000000081e+01	-3.496184857194696294e-01	-1.111552084344828728e+01
1.207180000000000142e+01	-3.500381339700469052e-01	-1.111051647442585377e+01
1.207535000000000203e+01	-3.504580682448041329e-01	-1.110551517935177301e+01
1.207890000000000086e+01	-3.508782886178573035e-01	-1.110051695295811491e+01
1.208245000000000147e+01	-3.512987951615405002e-01	-1.109552178998764127e+01
1.208600000000000207e+01	-3.517195879464388719e-01	-1.109052968519377025e+01
1.208955000000000091e+01	-3.521406670414068407e-01	-1.108554063334055328e+01
1.209310000000000151e+01	-3.525620325135972455e-01	-1.108055462920262357e+01
1.209665000000000035e+01	-3.529836844284869324e-01	-1.107557166756517120e+01
1.210020000000000095e+01	-3.534056228499043439e-01	-1.107059174322389339e+01
1.210375000000000156e+01	-3.538278478400494476e-01	-1.106561485098497855e+01
1.210730000000000217e+01	-3.542503594595274863e-01	-1.106064098566505649e+01
1.211085000000000100e+01	-3.546731577673652991e-01	-1.105567014209117183e+01
1.211440000000000161e+01	-3.550962428210406863e-01	-1.105070231510073064e+01
1.211795000000000044e+01	-3.555196146765126630e-01	-1.104573749954150230e+01
1.212150000000000105e+01	-3.559432733882334499e-01	-1.104077569027153771e+01
1.212505000000000166e+01	-3.563672190091852210e-01	-1.103581688215917822e+01
1.212860000000000227e+01	-3.567914515909057505e-01	-1.103086107008298811e+01
1.213215000000000110e+01	-3.572159711834994589e-01	-1.102590824893174393e+01
1.213570000000000171e+01	-3.576407778356778255e-01	-1.102095841360437412e+01
1.213925000000000054e+01	-3.580658715947693804e-01	-1.101601155900995721e+01
1.214280000000000115e+01	-3.584912525067576738e-01	-1.101106768006765435e+01
1.214635000000000176e+01	-3.589169206163025927e-01	-1.100612677170670750e+01
1.214990000000000059e+01	-3.593428759667496863e-01	-1.100118882886637017e+01
1.215345000000000120e+01	-3.597691186001756303e-01	-1.099625384649590920e+01
1.215700000000000180e+01	-3.601956485574023259e-01	-1.099132181955454080e+01
1.216055000000000064e+01	-3.606224658780122216e-01	-1.098639274301141988e+01
1.216410000000000124e+01	-3.610495706003988836e-01	-1.098146661184558681e+01
1.216765000000000185e+01	-3.614769627617521186e-01	-1.097654342104595493e+01
1.217120000000000068e+01	-3.619046423981213678e-01	-1.097162316561125728e+01
1.217475000000000129e+01	-3.623326095444060480e-01	-1.096670584055002173e+01
1.217830000000000190e+01	-3.627608642344010148e-01	-1.096179144088054436e+01
1.218185000000000073e+01	-3.631894065008146599e-01	-1.095687996163084144e+01
1.218540000000000134e+01	-3.636182363752815672e-01	-1.095197139783862994e+01
1.218895000000000195e+01	-3.640473538884028692e-01	-1.094706574455128845e+01
1.219250000000000078e+01	-3.644767590697581272e-01	-1.094216299682582161e+01
1.219605000000000139e+01	-3.649064519479275903e-01	-1.093726314972883529e+01
1.219960000000000200e+01	-3.653364325505236709e-01	-1.093236619833650280e+01
1.220315000000000083e+01	-3.657667009042080974e-01	-1.092747213773451698e+01
1.220670000000000144e+01	-3.661972570347147293e-01	-1.092258096301808301e+01
1.221025000000000205e+01	-3.666281009668744817e-01	-1.091769266929185633e+01
1.221380000000000088e+01	-3.670592327246341435e-01	-1.091280725166994969e+01
1.221735000000000149e+01	-3.674906523310855211e-01	-1.090792470527585500e+01
1.222090000000000032e+01	-3.679223598084829794e-01	-1.090304502524244512e+01
1.222445000000000093e+01	-3.683543551782619274e-01	-1.089816820671193298e+01
1.222800000000000153e+01	-3.687866384610760662e-01	-1.089329424483582542e+01
1.223155000000000214e+01	-3.692192096768060483e-01	-1.088842313477491608e+01
1.223510000000000097e+01	-3.696520688445789071e-01	-1.088355487169923563e+01
1.223865000000000158e+01	-3.700852159828081911e-01	-1.087868945078801985e+01
1.224220000000000041e+01	-3.705186511091957957e-01	-1.087382686722968828e+01
1.224575000000000102e+01	-3.709523742407744296e-01	-1.086896711622180689e+01
1.224930000000000163e+01	-3.713863853939026738e-01	-1.086411019297104730e+01
1.225285000000000224e+01	-3.718206845843139430e-01	-1.085925609269318315e+01
1.225640000000000107e+01	-3.722552718271247008e-01	-1.085440481061302798e+01
1.225995000000000168e+01	-3.726901471368589958e-01	-1.084955634196440499e+01
1.226350000000000051e+01	-3.731253105274678905e-01	-1.084471068199015775e+01
1.226705000000000112e+01	-3.735607620123481687e-01	-1.083986782594204712e+01
1.227060000000000173e+01	-3.739965016043806934e-01	-1.083502776908079923e+01
1.227415000000000056e+01	-3.744325293159298518e-01	-1.083019050667601491e+01
1.227770000000000117e+01	-3.748688451588771953e-01	-1.082535603400615543e+01
1.228125000000000178e+01	-3.753054491446438656e-01	-1.082052434635852833e+01
1.228480000000000061e+01	-3.757423412842043065e-01	-1.081569543902924657e+01
1.228835000000000122e+01	-3.761795215881115206e-01	-1.081086930732317697e+01
1.229190000000000182e+01	-3.766169900665249370e-01	-1.080604594655394024e+01
1.229545000000000066e+01	-3.770547467292195143e-01	-1.080122535204386480e+01
1.229900000000000126e+01	-3.774927915856148841e-01	-1.079640751912395125e+01
1.230255000000000187e+01	-3.779311246447922268e-01	-1.079159244313385813e+01
1.230610000000000070e+01	-3.783697459155205278e-01	-1.078678011942186110e+01
1.230965000000000131e+01	-3.788086554062725098e-01	-1.078197054334481209e+01
1.231320000000000192e+01	-3.792478531252427287e-01	-1.077716371026813036e+01
1.231675000000000075e+01	-3.796873390803797710e-01	-1.077235961556575639e+01
1.232030000000000136e+01	-3.801271132794001861e-01	-1.076755825462012162e+01
1.232385000000000197e+01	-3.805671757298015878e-01	-1.076275962282213428e+01
1.232740000000000080e+01	-3.810075264389000127e-01	-1.075796371557112252e+01
1.233095000000000141e+01	-3.814481654138354716e-01	-1.075317052827482911e+01
1.233450000000000202e+01	-3.818890926616006487e-01	-1.074838005634936167e+01
1.233805000000000085e+01	-3.823303081890588317e-01	-1.074359229521917669e+01
1.234160000000000146e+01	-3.827718120029647286e-01	-1.073880724031704581e+01
1.234515000000000207e+01	-3.832136041099901136e-01	-1.073402488708401137e+01
1.234870000000000090e+01	-3.836556845167283791e-01	-1.072924523096937754e+01
1.235225000000000151e+01	-3.840980532297403327e-01	-1.072446826743066239e+01
1.235580000000000211e+01	-3.845407102555476464e-01	-1.071969399193358718e+01
1.235935000000000095e+01	-3.849836556006724919e-01	-1.071492239995202311e+01
1.236290000000000155e+01	-3.854268892716466999e-01	-1.071015348696797176e+01
1.236645000000000039e+01	-3.858704112750455661e-01	-1.070538724847154555e+01
1.237000000000000099e+01	-3.863142216174832999e-01	-1.070062367996091446e+01
1.237355000000000160e+01	-3.867583203056670915e-01	-1.069586277694229537e+01
1.237710000000000221e+01	-3.872027073463804592e-01	-1.069110453492991120e+01
1.238065000000000104e+01	-3.876473827465362065e-01	-1.068634894944597669e+01
1.238420000000000165e+01	-3.880923465131746464e-01	-1.068159601602063447e+01
1.238775000000000048e+01	-3.885375986534949644e-01	-1.067684573019196392e+01
1.239130000000000109e+01	-3.889831391748723721e-01	-1.067209808750591904e+01
1.239485000000000170e+01	-3.894289680848700419e-01	-1.066735308351632483e+01
1.239840000000000231e+01	-3.898750853912728020e-01	-1.066261071378482761e+01
1.240195000000000114e+01	-3.903214911020960187e-01	-1.065787097388087190e+01
1.240550000000000175e+01	-3.907681852256197352e-01	-1.065313385938166846e+01
1.240905000000000058e+01	-3.912151677703853414e-01	-1.064839936587217828e+01
1.241260000000000119e+01	-3.916624387452393719e-01	-1.064366748894504155e+01
1.241615000000000180e+01	-3.921099981593400563e-01	-1.063893822420059720e+01
1.241970000000000063e+01	-3.925578460221782473e-01	-1.063421156724683314e+01
1.242325000000000124e+01	-3.930059823436041211e-01	-1.062948751369933120e+01
1.242680000000000184e+01	-3.934544071338360594e-01	-1.062476605918127426e+01
1.243035000000000068e+01	-3.939031204034909583e-01	-1.062004719932340180e+01
1.243390000000000128e+01	-3.943521221635998830e-01	-1.061533092976396375e+01
1.243745000000000189e+01	-3.948014124256277735e-01	-1.061061724614871515e+01
1.244100000000000072e+01	-3.952509912014902094e-01	-1.060590614413087351e+01
1.244455000000000133e+01	-3.957008585035775017e-01	-1.060119761937107619e+01
1.244810000000000194e+01	-3.961510143447748988e-01	-1.059649166753737504e+01
1.245165000000000077e+01	-3.966014587384841805e-01	-1.059178828430519026e+01
1.245520000000000138e+01	-3.970521916986316513e-01	-1.058708746535727663e+01
1.245875000000000199e+01	-3.975032132397007256e-01	-1.058238920638370040e+01
1.246230000000000082e+01	-3.979545233767500800e-01	-1.057769350308180911e+01
1.246585000000000143e+01	-3.984061221254281415e-01	-1.057300035115618719e+01
1.246940000000000204e+01	-3.988580095019941818e-01	-1.056830974631864706e+01
1.247295000000000087e+01	-3.993101855233439079e-01	-1.056362168428817583e+01
1.247650000000000148e+01	-3.997626502070207311e-01	-1.055893616079092467e+01
1.248005000000000209e+01	-4.002154035712370828e-01	-1.055425317156015019e+01
1.248360000000000092e+01	-4.006684456349098866e-01	-1.054957271233621796e+01
1.248715000000000153e+01	-4.011217764176506217e-01	-1.054489477886654036e+01
1.249070000000000036e+01	-4.015753959398172812e-01	-1.054021936690555883e+01
1.249425000000000097e+01	-4.020293042225071556e-01	-1.053554647221471541e+01
1.249780000000000157e+01	-4.024835012875986884e-01	-1.053087609056241192e+01
1.250135000000000218e+01	-4.029379871577523642e-01	-1.052620821772398507e+01
1.250490000000000101e+01	-4.033927618564467910e-01	-1.052154284948166563e+01
1.250845000000000162e+01	-4.038478254079894136e-01	-1.051687998162456594e+01
1.251200000000000045e+01	-4.043031778375425489e-01	-1.051221960994861959e+01
1.251555000000000106e+01	-4.047588191711282701e-01	-1.050756173025656182e+01
1.251910000000000167e+01	-4.052147494356783675e-01	-1.050290633835791709e+01
1.252265000000000228e+01	-4.056709686590151964e-01	-1.049825343006893164e+01
1.252620000000000111e+01	-4.061274768699096871e-01	-1.049360300121256984e+01
1.252975000000000172e+01	-4.065842740980754599e-01	-1.048895504761845565e+01
1.253330000000000055e+01	-4.070413603742054076e-01	-1.048430956512286194e+01
1.253685000000000116e+01	-4.074987357299740820e-01	-1.047966654956866428e+01
1.254040000000000177e+01	-4.079564001980823806e-01	-1.047502599680531610e+01
1.254395000000000060e+01	-4.084143538122497197e-01	-1.047038790268880959e+01
1.254750000000000121e+01	-4.088725966072657148e-01	-1.046575226308163842e+01
1.255105000000000182e+01	-4.093311286189757481e-01	-1.046111907385277817e+01
1.255460000000000065e+01	-4.097899498843311505e-01	-1.045648833087763663e+01
1.255815000000000126e+01	-4.102490604413972508e-01	-1.045186003003802711e+01
1.256170000000000186e+01	-4.107084603293763569e-01	-1.044723416722213649e+01
1.256525000000000070e+01	-4.111681495886174709e-01	-1.044261073832448616e+01
1.256880000000000130e+01	-4.116281282606610858e-01	-1.043798973924590534e+01
1.257235000000000191e+01	-4.120883963882343570e-01	-1.043337116589347247e+01
1.257590000000000074e+01	-4.125489540152847967e-01	-1.042875501418052409e+01
1.257945000000000135e+01	-4.130098011870088071e-01	-1.042414128002657137e+01
1.258300000000000196e+01	-4.134709379498534565e-01	-1.041952995935729653e+01
1.258655000000000079e+01	-4.139323643515466222e-01	-1.041492104810450847e+01
1.259010000000000140e+01	-4.143940804411331280e-01	-1.041031454220610719e+01
1.259365000000000201e+01	-4.148560862689658624e-01	-1.040571043760603764e+01
1.259720000000000084e+01	-4.153183818867523525e-01	-1.040110873025427907e+01
1.260075000000000145e+01	-4.157809673475650891e-01	-1.039650941610677393e+01
1.260430000000000206e+01	-4.162438427058651191e-01	-1.039191249112542081e+01
1.260785000000000089e+01	-4.167070080175265812e-01	-1.038731795127803181e+01
1.261140000000000150e+01	-4.171704633398454765e-01	-1.038272579253827210e+01
1.261495000000000211e+01	-4.176342087315842444e-01	-1.037813601088565285e+01
1.261850000000000094e+01	-4.180982442529737053e-01	-1.037354860230548326e+01
1.262205000000000155e+01	-4.185625699657459231e-01	-1.036896356278882081e+01
1.262560000000000215e+01	-4.190271859331440862e-01	-1.036438088833244997e+01
1.262915000000000099e+01	-4.194920922199646962e-01	-1.035980057493883599e+01
1.263270000000000159e+01	-4.199572888925588998e-01	-1.035522261861608051e+01
1.263625000000000043e+01	-4.204227760188695706e-01	-1.035064701537789844e+01
1.263980000000000103e+01	-4.208885536684454642e-01	-1.034607376124355760e+01
1.264335000000000164e+01	-4.213546219124717496e-01	-1.034150285223786092e+01
1.264690000000000225e+01	-4.218209808237776137e-01	-1.033693428439108786e+01
1.265045000000000108e+01	-4.222876304768821143e-01	-1.033236805373897660e+01
1.265400000000000169e+01	-4.227545709479961777e-01	-1.032780415632264415e+01
1.265755000000000052e+01	-4.232218023150557396e-01	-1.032324258818859697e+01
1.266110000000000113e+01	-4.236893246577432270e-01	-1.031868334538864929e+01
1.266465000000000174e+01	-4.241571380575136496e-01	-1.031412642397989288e+01
1.266820000000000235e+01	-4.246252425976109190e-01	-1.030957182002467221e+01
1.267175000000000118e+01	-4.250936383630962156e-01	-1.030501952959052048e+01
1.267530000000000179e+01	-4.255623254408773537e-01	-1.030046954875011700e+01
1.267885000000000062e+01	-4.260313039197217155e-01	-1.029592187358126765e+01
1.268240000000000123e+01	-4.265005738902871713e-01	-1.029137650016683736e+01
1.268595000000000184e+01	-4.269701354451458375e-01	-1.028683342459471284e+01
1.268950000000000067e+01	-4.274399886788057823e-01	-1.028229264295777057e+01
1.269305000000000128e+01	-4.279101336877393358e-01	-1.027775415135381287e+01
1.269660000000000188e+01	-4.283805705704010203e-01	-1.027321794588553772e+01
1.270015000000000072e+01	-4.288512994272637435e-01	-1.026868402266049429e+01
1.270370000000000132e+01	-4.293223203608376171e-01	-1.026415237779102441e+01
1.270725000000000193e+01	-4.297936334756863319e-01	-1.025962300739422517e+01
1.271080000000000076e+01	-4.302652388784697357e-01	-1.025509590759190637e+01
1.271435000000000137e+01	-4.307371366779583211e-01	-1.025057107451053184e+01
1.271790000000000198e+01	-4.312093269850635346e-01	-1.024604850428119107e+01
1.272145000000000081e+01	-4.316818099128542086e-01	-1.024152819303953521e+01
1.272500000000000142e+01	-4.321545855766030231e-01	-1.023701013692572204e+01
1.272855000000000203e+01	-4.326276540937913362e-01	-1.023249433208439463e+01
1.273210000000000086e+01	-4.331010155841478193e-01	-1.022798077466461208e+01
1.273565000000000147e+01	-4.335746701696739924e-01	-1.022346946081979979e+01
1.273920000000000208e+01	-4.340486179746626538e-01	-1.021896038670771389e+01
1.274275000000000091e+01	-4.345228591257385142e-01	-1.021445354849037379e+01
1.274630000000000152e+01	-4.349973937518808453e-01	-1.020994894233401951e+01
1.274985000000000213e+01	-4.354722219844414655e-01	-1.020544656440906905e+01
1.275340000000000096e+01	-4.359473439571850961e-01	-1.020094641089004384e+01
1.275695000000000157e+01	-4.364227598063151747e-01	-1.019644847795553311e+01
1.276050000000000040e+01	-4.368984696704940607e-01	-1.019195276178815135e+01
1.276405000000000101e+01	-4.373744736908820041e-01	-1.018745925857445300e+01
1.276760000000000161e+01	-4.378507720111585733e-01	-1.018296796450490582e+01
1.277115000000000222e+01	-4.383273647775564053e-01	-1.017847887577382693e+01
1.277470000000000105e+01	-4.388042521388864081e-01	-1.017399198857933662e+01
1.277825000000000166e+01	-4.392814342465673483e-01	-1.016950729912327311e+01
1.278180000000000049e+01	-4.397589112546643197e-01	-1.016502480361118543e+01
1.278535000000000110e+01	-4.402366833199064522e-01	-1.016054449825222505e+01
1.278890000000000171e+01	-4.407147506017250471e-01	-1.015606637925912992e+01
1.279245000000000232e+01	-4.411931132622773366e-01	-1.015159044284814804e+01
1.279600000000000115e+01	-4.416717714664883943e-01	-1.014711668523897892e+01
1.279955000000000176e+01	-4.421507253820699535e-01	-1.014264510265471664e+01
1.280310000000000059e+01	-4.426299751795595983e-01	-1.013817569132179841e+01
1.280665000000000120e+01	-4.431095210323514610e-01	-1.013370844746992638e+01
1.281020000000000181e+01	-4.435893631167259210e-01	-1.012924336733203035e+01
1.281375000000000064e+01	-4.440695016118784699e-01	-1.012478044714419312e+01
1.281730000000000125e+01	-4.445499366999596802e-01	-1.012031968314558839e+01
1.282085000000000186e+01	-4.450306685661086781e-01	-1.011586107157842029e+01
1.282440000000000069e+01	-4.455116973984734052e-01	-1.011140460868787372e+01
1.282795000000000130e+01	-4.459930233882581363e-01	-1.010695029072201834e+01
1.283150000000000190e+01	-4.464746467297507904e-01	-1.010249811393178554e+01
1.283505000000000074e+01	-4.469565676203561821e-01	-1.009804807457088316e+01
1.283860000000000134e+01	-4.474387862606307165e-01	-1.009360016889571732e+01
1.284215000000000195e+01	-4.479213028543246322e-01	-1.008915439316535512e+01
1.284570000000000078e+01	-4.484041176084005431e-01	-1.008471074364144471e+01
1.284925000000000139e+01	-4.488872307330848965e-01	-1.008026921658814068e+01
1.285280000000000200e+01	-4.493706424418913437e-01	-1.007582980827205432e+01
1.285635000000000083e+01	-4.498543529516685346e-01	-1.007139251496217192e+01
1.285990000000000144e+01	-4.503383624826232667e-01	-1.006695733292979256e+01
1.286345000000000205e+01	-4.508226712583665030e-01	-1.006252425844846243e+01
1.286700000000000088e+01	-4.513072795059463460e-01	-1.005809328779389666e+01
1.287055000000000149e+01	-4.517921874558831208e-01	-1.005366441724391713e+01
1.287410000000000210e+01	-4.522773953422148385e-01	-1.004923764307837963e+01
1.287765000000000093e+01	-4.527629034025226207e-01	-1.004481296157910464e+01
1.288120000000000154e+01	-4.532487118779805479e-01	-1.004039036902979731e+01
1.288475000000000215e+01	-4.537348210133863580e-01	-1.003596986171599603e+01
1.288830000000000098e+01	-4.542212310571989153e-01	-1.003155143592497467e+01
1.289185000000000159e+01	-4.547079422615930566e-01	-1.002713508794568753e+01
1.289540000000000219e+01	-4.551949548824723579e-01	-1.002272081406868587e+01
1.289895000000000103e+01	-4.556822691795326397e-01	-1.001830861058606637e+01
1.290250000000000163e+01	-4.561698854162909988e-01	-1.001389847379135567e+01
1.290605000000000047e+01	-4.566578038601243339e-01	-1.000949039997948375e+01
1.290960000000000107e+01	-4.571460247823215806e-01	-1.000508438544667023e+01
1.291315000000000168e+01	-4.576345484581098577e-01	-1.000068042649037281e+01
1.291670000000000229e+01	-4.581233751666999310e-01	-9.996278519409207419e+00
1.292025000000000112e+01	-4.586125051913406692e-01	-9.991878660502868215e+00
1.292380000000000173e+01	-4.591019388193463557e-01	-9.987480846072051222e+00
1.292735000000000056e+01	-4.595916763421400431e-01	-9.983085072418385053e+00
1.293090000000000117e+01	-4.600817180553058439e-01	-9.978691335844349197e+00
1.293445000000000178e+01	-4.605720642586229596e-01	-9.974299632653201186e+00
1.293800000000000239e+01	-4.610627152561131425e-01	-9.969909959148900214e+00
1.294155000000000122e+01	-4.615536713560813853e-01	-9.965522311636030750e+00
1.294510000000000183e+01	-4.620449328711664916e-01	-9.961136686419719055e+00
1.294865000000000066e+01	-4.625365001183729952e-01	-9.956753079805576334e+00
1.295220000000000127e+01	-4.630283734191297795e-01	-9.952371488099592156e+00
1.295575000000000188e+01	-4.635205530993233847e-01	-9.947991907608088269e+00
1.295930000000000248e+01	-4.640130394893519084e-01	-9.943614334637633334e+00
1.296285000000000132e+01	-4.645058329241625317e-01	-9.939238765494957661e+00
1.296640000000000192e+01	-4.649989337433038661e-01	-9.934865196486889261e+00
1.296995000000000076e+01	-4.654923422909641451e-01	-9.930493623920279234e+00
1.297350000000000136e+01	-4.659860589160326194e-01	-9.926124044101914734e+00
1.297705000000000197e+01	-4.664800839721263692e-01	-9.921756453338467452e+00
1.298060000000000080e+01	-4.669744178176444271e-01	-9.917390847936399467e+00
1.298415000000000141e+01	-4.674690608158238447e-01	-9.913027224201909959e+00
1.298770000000000202e+01	-4.679640133347761632e-01	-9.908665578440848165e+00
1.299125000000000085e+01	-4.684592757475328773e-01	-9.904305906958652983e+00
1.299480000000000146e+01	-4.689548484321031663e-01	-9.899948206060276590e+00
1.299835000000000207e+01	-4.694507317715167494e-01	-9.895592472050125821e+00
1.300190000000000090e+01	-4.699469261538624099e-01	-9.891238701231992891e+00
1.300545000000000151e+01	-4.704434319723565516e-01	-9.886886889908975462e+00
1.300900000000000034e+01	-4.709402496253683457e-01	-9.882537034383441110e+00
1.301255000000000095e+01	-4.714373795164893410e-01	-9.878189130956943842e+00
1.301610000000000156e+01	-4.719348220545576678e-01	-9.873843175930167249e+00
1.301965000000000217e+01	-4.724325776537298127e-01	-9.869499165602871216e+00
1.302320000000000100e+01	-4.729306467335130382e-01	-9.865157096273842185e+00
1.302675000000000161e+01	-4.734290297188236130e-01	-9.860816964240811444e+00
1.303030000000000044e+01	-4.739277270400337194e-01	-9.856478765800444464e+00
1.303385000000000105e+01	-4.744267391330065364e-01	-9.852142497248259190e+00
1.303740000000000165e+01	-4.749260664391645737e-01	-9.847808154878597620e+00
1.304095000000000226e+01	-4.754257094055252542e-01	-9.843475734984576064e+00
1.304450000000000109e+01	-4.759256684847532060e-01	-9.839145233858054951e+00
1.304805000000000170e+01	-4.764259441352067803e-01	-9.834816647789576649e+00
1.305160000000000053e+01	-4.769265368209863465e-01	-9.830489973068376131e+00
1.305515000000000114e+01	-4.774274470119844738e-01	-9.826165205982308137e+00
1.305870000000000175e+01	-4.779286751839301184e-01	-9.821842342817859617e+00
1.306225000000000236e+01	-4.784302218184313671e-01	-9.817521379860103536e+00
1.306580000000000119e+01	-4.789320874030373876e-01	-9.813202313392707765e+00
1.306935000000000180e+01	-4.794342724312710691e-01	-9.808885139697894218e+00
1.307290000000000063e+01	-4.799367774026753186e-01	-9.804569855056467276e+00
1.307645000000000124e+01	-4.804396028228674065e-01	-9.800256455747794249e+00
1.308000000000000185e+01	-4.809427492035792118e-01	-9.795944938049814255e+00
1.308355000000000246e+01	-4.814462170627022974e-01	-9.791635298239061314e+00
1.308710000000000129e+01	-4.819500069243334295e-01	-9.787327532590680335e+00
1.309065000000000190e+01	-4.824541193188174870e-01	-9.783021637378453761e+00
1.309420000000000073e+01	-4.829585547827839331e-01	-9.778717608874828215e+00
1.309775000000000134e+01	-4.834633138592011603e-01	-9.774415443350966015e+00
1.310130000000000194e+01	-4.839683970974106297e-01	-9.770115137076798462e+00
1.310485000000000255e+01	-4.844738050531700591e-01	-9.765816686321080908e+00
1.310840000000000138e+01	-4.849795382886901152e-01	-9.761520087351463815e+00
1.311195000000000199e+01	-4.854855973726708296e-01	-9.757225336434565577e+00
1.311550000000000082e+01	-4.859919828803491160e-01	-9.752932429836068451e+00
1.311905000000000143e+01	-4.864986953935296343e-01	-9.748641363820809147e+00
1.312260000000000204e+01	-4.870057355006132127e-01	-9.744352134652901398e+00
1.312615000000000087e+01	-4.875131037966484726e-01	-9.740064738595856753e+00
1.312970000000000148e+01	-4.880208008833452071e-01	-9.735779171912705365e+00
1.313325000000000209e+01	-4.885288273691145156e-01	-9.731495430866157648e+00
1.313680000000000092e+01	-4.890371838691114359e-01	-9.727213511718765915e+00
1.314035000000000153e+01	-4.895458710052414397e-01	-9.722933410733086035e+00
1.314390000000000214e+01	-4.900548894061871330e-01	-9.718655124171899473e+00
1.314745000000000097e+01	-4.905642397074683747e-01	-9.714378648298382046e+00
1.315100000000000158e+01	-4.910739225514150208e-01	-9.710103979376347283e+00
1.315455000000000041e+01	-4.915839385872294298e-01	-9.705831113670489785e+00
1.315810000000000102e+01	-4.920942884709845200e-01	-9.701560047446635693e+00
1.316165000000000163e+01	-4.926049728656475279e-01	-9.697290776972016246e+00
1.316520000000000223e+01	-4.931159924410921103e-01	-9.693023298515582198e+00
1.316875000000000107e+01	-4.936273478741082799e-01	-9.688757608348305794e+00
1.317230000000000167e+01	-4.941390398484207802e-01	-9.684493702743512955e+00
1.317585000000000051e+01	-4.946510690546992994e-01	-9.680231577977263413e+00
1.317940000000000111e+01	-4.951634361905416504e-01	-9.675971230328727302e+00
1.318295000000000172e+01	-4.956761419604963081e-01	-9.671712656080583059e+00
1.318650000000000233e+01	-4.961891870760576362e-01	-9.667455851519472176e+00
1.319005000000000116e+01	-4.967025722556547840e-01	-9.663200812936445061e+00
1.319360000000000177e+01	-4.972162982246531859e-01	-9.658947536627437103e+00
1.319715000000000060e+01	-4.977303657153352434e-01	-9.654696018893821119e+00
1.320070000000000121e+01	-4.982447754668892226e-01	-9.650446256042918947e+00
1.320425000000000182e+01	-4.987595282253975415e-01	-9.646198244388578757e+00
1.320780000000000243e+01	-4.992746247438051843e-01	-9.641951980251819876e+00
1.321135000000000126e+01	-4.997900657818956649e-01	-9.637707459961433187e+00
1.321490000000000187e+01	-5.003058521062702102e-01	-9.633464679854670365e+00
1.321845000000000070e+01	-5.008219844903030182e-01	-9.629223636277963294e+00
1.322200000000000131e+01	-5.013384637141098388e-01	-9.624984325587668366e+00
1.322555000000000192e+01	-5.018552905645021767e-01	-9.620746744150853402e+00
1.322910000000000252e+01	-5.023724658349332239e-01	-9.616510888346121888e+00
1.323265000000000136e+01	-5.028899903254504533e-01	-9.612276754564486936e+00
1.323620000000000196e+01	-5.034078648426495439e-01	-9.608044339210263018e+00
1.323975000000000080e+01	-5.039260901995864517e-01	-9.603813638702057176e+00
1.324330000000000140e+01	-5.044446672157261169e-01	-9.599584649473726472e+00
1.324685000000000201e+01	-5.049635967168590867e-01	-9.595357367975449137e+00
1.325040000000000084e+01	-5.054828795350350124e-01	-9.591131790674818802e+00
1.325395000000000145e+01	-5.060025165084511833e-01	-9.586907914057965385e+00
1.325750000000000206e+01	-5.065225084813826939e-01	-9.582685734630782548e+00
1.326105000000000089e+01	-5.070428563040714209e-01	-9.578465248920151609e+00
1.326460000000000150e+01	-5.075635608326234394e-01	-9.574246453475245389e+00
1.326815000000000211e+01	-5.080846229288938920e-01	-9.570029344868888899e+00
1.327170000000000094e+01	-5.086060434603708602e-01	-9.565813919698983980e+00
1.327525000000000155e+01	-5.091278233000412490e-01	-9.561600174589948153e+00
1.327880000000000038e+01	-5.096499633262608908e-01	-9.557388106194283139e+00
1.328235000000000099e+01	-5.101724644226111050e-01	-9.553177711194138055e+00
1.328590000000000160e+01	-5.106953274777412677e-01	-9.548968986302984518e+00
1.328945000000000221e+01	-5.112185533852262598e-01	-9.544761928267316620e+00
1.329300000000000104e+01	-5.117421430433758411e-01	-9.540556533868450373e+00
1.329655000000000165e+01	-5.122660973550795527e-01	-9.536352799924349810e+00
1.330010000000000048e+01	-5.127904172276112060e-01	-9.532150723291572092e+00
1.330365000000000109e+01	-5.133151035724324851e-01	-9.527950300867221500e+00
1.330720000000000169e+01	-5.138401573049979909e-01	-9.523751529591017118e+00
1.331075000000000230e+01	-5.143655793445360835e-01	-9.519554406447426231e+00
1.331430000000000113e+01	-5.148913706138287250e-01	-9.515358928467817279e+00
1.331785000000000174e+01	-5.154175320389804416e-01	-9.511165092732769111e+00
1.332140000000000057e+01	-5.159440645491720767e-01	-9.506972896374378479e+00
1.332495000000000118e+01	-5.164709690764102135e-01	-9.502782336578670552e+00
1.332850000000000179e+01	-5.169982465552617201e-01	-9.498593410588080488e+00
1.333205000000000240e+01	-5.175258979225826339e-01	-9.494406115704009608e+00
1.333560000000000123e+01	-5.180539241172298359e-01	-9.490220449289431315e+00
1.333915000000000184e+01	-5.185823260797640666e-01	-9.486036408771594708e+00
1.334270000000000067e+01	-5.191111047521502764e-01	-9.481853991644786817e+00
1.334625000000000128e+01	-5.196402610774193409e-01	-9.477673195473160561e+00
1.334980000000000189e+01	-5.201697959993624165e-01	-9.473494017893639096e+00
1.335335000000000250e+01	-5.206997104621644556e-01	-9.469316456618884104e+00
1.335690000000000133e+01	-5.212300054100713620e-01	-9.465140509440319150e+00
1.336045000000000194e+01	-5.217606817869991920e-01	-9.460966174231225878e+00
1.336400000000000077e+01	-5.222917405361788834e-01	-9.456793448949913028e+00
1.336755000000000138e+01	-5.228231825997456950e-01	-9.452622331642904996e+00
1.337110000000000198e+01	-5.233550089183450771e-01	-9.448452820448228096e+00
1.337465000000000259e+01	-5.238872204307125635e-01	-9.444284913598712805e+00
1.337820000000000142e+01	-5.244198180732463355e-01	-9.440118609425368845e+00
1.338175000000000203e+01	-5.249528027795673513e-01	-9.435953906360767363e+00
1.338530000000000086e+01	-5.254861754800541629e-01	-9.431790802942513707e+00
1.338885000000000147e+01	-5.260199371013898340e-01	-9.427629297816686460e+00
1.339240000000000208e+01	-5.265540885660667803e-01	-9.423469389741361724e+00
1.339595000000000091e+01	-5.270886307919082636e-01	-9.419311077590114323e+00
1.339950000000000152e+01	-5.276235646915535815e-01	-9.415154360355542096e+00
1.340305000000000213e+01	-5.281588911719347079e-01	-9.410999237152811503e+00
1.340660000000000096e+01	-5.286946111337580412e-01	-9.406845707223167707e+00
1.341015000000000157e+01	-5.292307254709536224e-01	-9.402693769937457091e+00
1.341370000000000218e+01	-5.297672350701115862e-01	-9.398543424799616020e+00
1.341725000000000101e+01	-5.303041408099310461e-01	-9.394394671450125855e+00
1.342080000000000162e+01	-5.308414435606222392e-01	-9.390247509669421788e+00
1.342435000000000045e+01	-5.313791441833251028e-01	-9.386101939381255477e+00
1.342790000000000106e+01	-5.319172435295007606e-01	-9.381957960655977757e+00
1.343145000000000167e+01	-5.324557424403161265e-01	-9.377815573713757402e+00
1.343500000000000227e+01	-5.329946417460232899e-01	-9.373674778927686191e+00
1.343855000000000111e+01	-5.335339422653119223e-01	-9.369535576826793388e+00
1.344210000000000171e+01	-5.340736448046738971e-01	-9.365397968098921666e+00
1.344565000000000055e+01	-5.346137501577347129e-01	-9.361261953593478680e+00
1.344920000000000115e+01	-5.351542591046003494e-01	-9.357127534324032325e+00
1.345275000000000176e+01	-5.356951724111649327e-01	-9.352994711470728362e+00
1.345630000000000237e+01	-5.362364908284475984e-01	-9.348863486382516186e+00
1.345985000000000120e+01	-5.367782150918756212e-01	-9.344733860579202300e+00
1.346340000000000181e+01	-5.373203459206139510e-01	-9.340605835753224895e+00
1.346695000000000064e+01	-5.378628840168289127e-01	-9.336479413771247238e+00
1.347050000000000125e+01	-5.384058300650106377e-01	-9.332354596675431324e+00
1.347405000000000186e+01	-5.389491847312254391e-01	-9.328231386684498361e+00
1.347760000000000247e+01	-5.394929486624145953e-01	-9.324109786194416216e+00
1.348115000000000130e+01	-5.400371224856606034e-01	-9.319989797778839957e+00
1.348470000000000191e+01	-5.405817068074676435e-01	-9.315871424189149153e+00
1.348825000000000074e+01	-5.411267022130229476e-01	-9.311754668354197406e+00
1.349180000000000135e+01	-5.416721092654785963e-01	-9.307639533379603591e+00
1.349535000000000196e+01	-5.422179285052122211e-01	-9.303526022546730445e+00
1.349890000000000256e+01	-5.427641604491008076e-01	-9.299414139311185323e+00
1.350245000000000140e+01	-5.433108055898067112e-01	-9.295303887300923051e+00
1.350600000000000200e+01	-5.438578643950358060e-01	-9.291195270313888699e+00
1.350955000000000084e+01	-5.444053373068344914e-01	-9.287088292315178961e+00
1.351310000000000144e+01	-5.449532247408730434e-01	-9.282982957433752347e+00
1.351665000000000205e+01	-5.455015270857408449e-01	-9.278879269958618892e+00
1.352020000000000088e+01	-5.460502447022490546e-01	-9.274777234334507625e+00
1.352375000000000149e+01	-5.465993779227527050e-01	-9.270676855157036655e+00
1.352730000000000210e+01	-5.471489270504623637e-01	-9.266578137167341467e+00
1.353085000000000093e+01	-5.476988923587906566e-01	-9.262481085246143664e+00
1.353440000000000154e+01	-5.482492740907026763e-01	-9.258385704407279704e+00
1.353795000000000215e+01	-5.488000724580787137e-01	-9.254291999790673628e+00
1.354150000000000098e+01	-5.493512876411090762e-01	-9.250199976654753797e+00
1.354505000000000159e+01	-5.499029197876773578e-01	-9.246109640368274540e+00
1.354860000000000220e+01	-5.504549690128044404e-01	-9.242020996401654642e+00
1.355215000000000103e+01	-5.510074353980800588e-01	-9.237934050317665680e+00
1.355570000000000164e+01	-5.515603189911336690e-01	-9.233848807761628308e+00
1.355925000000000225e+01	-5.521136198051269650e-01	-9.229765274451068535e+00
1.356280000000000108e+01	-5.526673378182743734e-01	-9.225683456164832208e+00
1.356635000000000169e+01	-5.532214729733859748e-01	-9.221603358731664812e+00
1.356990000000000052e+01	-5.537760251774520581e-01	-9.217524988018361398e+00
1.357345000000000113e+01	-5.543309943012432184e-01	-9.213448349917371161e+00
1.357700000000000173e+01	-5.548863801789529759e-01	-9.209373450334009448e+00
1.358055000000000234e+01	-5.554421826078846935e-01	-9.205300295173220348e+00
1.358410000000000117e+01	-5.559984013481465981e-01	-9.201228890325953813e+00
1.358765000000000178e+01	-5.565550361224111953e-01	-9.197159241655185724e+00
1.359120000000000061e+01	-5.571120866157062146e-01	-9.193091354981650198e+00
1.359475000000000122e+01	-5.576695524752385280e-01	-9.189025236069220171e+00
1.359830000000000183e+01	-5.582274333102692498e-01	-9.184960890610151196e+00
1.360185000000000244e+01	-5.587857286920274724e-01	-9.180898324210042816e+00
1.360540000000000127e+01	-5.593444381536751830e-01	-9.176837542372709322e+00
1.360895000000000188e+01	-5.599035611903135923e-01	-9.172778550484926186e+00
1.361250000000000071e+01	-5.604630972590307625e-01	-9.168721353801180030e+00
1.361605000000000132e+01	-5.610230457790172931e-01	-9.164665957428375975e+00
1.361960000000000193e+01	-5.615834061317128700e-01	-9.160612366310648014e+00
1.362315000000000254e+01	-5.621441776610019980e-01	-9.156560585214288395e+00
1.362670000000000137e+01	-5.627053596734983287e-01	-9.152510618712859980e+00
1.363025000000000198e+01	-5.632669514388179977e-01	-9.148462471172525312e+00
1.363380000000000081e+01	-5.638289521899724210e-01	-9.144416146737725626e+00
1.363735000000000142e+01	-5.643913611237739714e-01	-9.140371649317163616e+00
1.364090000000000202e+01	-5.649541774013044915e-01	-9.136328982570244506e+00
1.364445000000000263e+01	-5.655174001484487567e-01	-9.132288149893962981e+00
1.364800000000000146e+01	-5.660810284564830042e-01	-9.128249154410339017e+00
1.365155000000000207e+01	-5.666450613827040961e-01	-9.124211998954404379e+00
1.365510000000000090e+01	-5.672094979511279611e-01	-9.120176686062887228e+00
1.365865000000000151e+01	-5.677743371532470995e-01	-9.116143217963506018e+00
1.366220000000000212e+01	-5.683395779488366051e-01	-9.112111596565057425e+00
1.366575000000000095e+01	-5.689052192668160313e-01	-9.108081823448264558e+00
1.366930000000000156e+01	-5.694712600061634378e-01	-9.104053899857420973e+00
1.367285000000000217e+01	-5.700376990369016017e-01	-9.100027826692919319e+00
1.367640000000000100e+01	-5.706045352011153149e-01	-9.096003604504668161e+00
1.367995000000000161e+01	-5.711717673140402907e-01	-9.091981233486405856e+00
1.368350000000000222e+01	-5.717393941651950362e-01	-9.087960713470980778e+00
1.368705000000000105e+01	-5.723074145195546913e-01	-9.083942043926590770e+00
1.369060000000000166e+01	-5.728758271188101325e-01	-9.079925223953978275e+00
1.369415000000000049e+01	-5.734446306826221917e-01	-9.075910252284661084e+00
1.369770000000000110e+01	-5.740138239099885631e-01	-9.071897127280122319e+00
1.370125000000000171e+01	-5.745834054805758484e-01	-9.067885846931991622e+00
1.370480000000000231e+01	-5.751533740561829422e-01	-9.063876408863276168e+00
1.370835000000000115e+01	-5.757237282821775493e-01	-9.059868810330499400e+00
1.371190000000000175e+01	-5.762944667890077532e-01	-9.055863048226850509e+00
1.371545000000000059e+01	-5.768655881937320151e-01	-9.051859119086296701e+00
1.371900000000000119e+01	-5.774370911016082353e-01	-9.047857019088592523e+00
1.372255000000000180e+01	-5.780089741076981369e-01	-9.043856744065225328e+00
1.372610000000000241e+01	-5.785812357984885246e-01	-9.039858289506184974e+00
1.372965000000000124e+01	-5.791538747535828202e-01	-9.035861650567616365e+00
1.373320000000000185e+01	-5.797268895473736139e-01	-9.031866822080234058e+00
1.373675000000000068e+01	-5.803002787507675064e-01	-9.027873798558532670e+00
1.374030000000000129e+01	-5.808740409329102850e-01	-9.023882574210631446e+00
1.374385000000000190e+01	-5.814481746629448500e-01	-9.019893142948870235e+00
1.374740000000000251e+01	-5.820226785117625923e-01	-9.015905498400947238e+00
1.375095000000000134e+01	-5.825975510537836355e-01	-9.011919633921678496e+00
1.375450000000000195e+01	-5.831727908687456274e-01	-9.007935542605176593e+00
1.375805000000000078e+01	-5.837483965434682176e-01	-9.003953217297596012e+00
1.376160000000000139e+01	-5.843243666736612774e-01	-8.999972650610169822e+00
1.376515000000000200e+01	-5.849006998656934853e-01	-8.995993834932665578e+00
1.376870000000000260e+01	-5.854773947383686838e-01	-8.992016762447077483e+00
1.377225000000000144e+01	-5.860544499247131167e-01	-8.988041425141576113e+00
1.377580000000000204e+01	-5.866318640737134826e-01	-8.984067814824619802e+00
1.377935000000000088e+01	-5.872096358520633164e-01	-8.980095923139208125e+00
1.378290000000000148e+01	-5.877877639459010428e-01	-8.976125741577163808e+00
1.378645000000000209e+01	-5.883662470624970720e-01	-8.972157261493482139e+00
1.379000000000000092e+01	-5.889450839319321229e-01	-8.968190474120611100e+00
1.379355000000000153e+01	-5.895242733087614484e-01	-8.964225370582671104e+00
1.379710000000000214e+01	-5.901038139736244359e-01	-8.960261941909520189e+00
1.380065000000000097e+01	-5.906837047348357794e-01	-8.956300179050701971e+00
1.380420000000000158e+01	-5.912639444299384595e-01	-8.952340072889118261e+00
1.380775000000000219e+01	-5.918445319272138683e-01	-8.948381614254520500e+00
1.381130000000000102e+01	-5.924254661271475264e-01	-8.944424793936642359e+00
1.381485000000000163e+01	-5.930067459638788119e-01	-8.940469602698090767e+00
1.381840000000000224e+01	-5.935883704065568756e-01	-8.936516031286828365e+00
1.382195000000000107e+01	-5.941703384606913385e-01	-8.932564070448314908e+00
1.382550000000000168e+01	-5.947526491694234974e-01	-8.928613710937234771e+00
1.382905000000000229e+01	-5.953353016147747701e-01	-8.924664943528807015e+00
1.383260000000000112e+01	-5.959182949188026601e-01	-8.920717759029656690e+00
1.383615000000000173e+01	-5.965016282447402896e-01	-8.916772148288231392e+00
1.383970000000000056e+01	-5.970853007980480021e-01	-8.912828102204739977e+00
1.384325000000000117e+01	-5.976693118274273298e-01	-8.908885611740611665e+00
1.384680000000000177e+01	-5.982536606257556899e-01	-8.904944667927480850e+00
1.385035000000000238e+01	-5.988383465309813358e-01	-8.901005261875663876e+00
1.385390000000000121e+01	-5.994233689269358178e-01	-8.897067384782140209e+00
1.385745000000000182e+01	-6.000087272441033681e-01	-8.893131027938032673e+00
1.386100000000000065e+01	-6.005944209603087947e-01	-8.889196182735602747e+00
1.386455000000000126e+01	-6.011804496013561927e-01	-8.885262840674736040e+00
1.386810000000000187e+01	-6.017668127415908286e-01	-8.881330993368933946e+00
1.387165000000000248e+01	-6.023535100044046242e-01	-8.877400632550843440e+00
1.387520000000000131e+01	-6.029405410626839101e-01	-8.873471750077293052e+00
1.387875000000000192e+01	-6.035279056391708030e-01	-8.869544337933849221e+00
1.388230000000000075e+01	-6.041156035067939412e-01	-8.865618388238956982e+00
1.388585000000000136e+01	-6.047036344888996329e-01	-8.861693893247593934e+00
1.388940000000000197e+01	-6.052919984594419267e-01	-8.857770845354506761e+00
1.389295000000000258e+01	-6.058806953431208342e-01	-8.853849237097044522e+00
1.389650000000000141e+01	-6.064697251154258506e-01	-8.849929061157574495e+00
1.390005000000000202e+01	-6.070590878026485004e-01	-8.846010310365484131e+00
1.390360000000000085e+01	-6.076487834818299349e-01	-8.842092977698870371e+00
1.390715000000000146e+01	-6.082388122806323683e-01	-8.838177056285802635e+00
1.391070000000000206e+01	-6.088291743771846454e-01	-8.834262539405305148e+00
1.391425000000000267e+01	-6.094198699998472080e-01	-8.830349420487959122e+00
1.391780000000000150e+01	-6.100108994269309859e-01	-8.826437693116236716e+00
1.392135000000000211e+01	-6.106022629863693263e-01	-8.822527351024524123e+00
1.392490000000000094e+01	-6.111939610553391855e-01	-8.818618388098887095e+00
1.392845000000000155e+01	-6.117859940598160406e-01	-8.814710798376527379e+00
1.393200000000000216e+01	-6.123783624741164777e-01	-8.810804576045077496e+00
1.393555000000000099e+01	-6.129710668203506296e-01	-8.806899715441598886e+00
1.393910000000000160e+01	-6.135641076678793882e-01	-8.802996211051388187e+00
1.394265000000000221e+01	-6.141574856326893483e-01	-8.799094057506605893e+00
1.394620000000000104e+01	-6.147512013767509886e-01	-8.795193249584711381e+00
1.394975000000000165e+01	-6.153452556073419899e-01	-8.791293782206714980e+00
1.395330000000000226e+01	-6.159396490763127119e-01	-8.787395650435319894e+00
1.395685000000000109e+01	-6.165343825793486721e-01	-8.783498849472874070e+00
1.396040000000000170e+01	-6.171294569551751819e-01	-8.779603374659236792e+00
1.396395000000000053e+01	-6.177248730847494373e-01	-8.775709221469520926e+00
1.396750000000000114e+01	-6.183206318904242993e-01	-8.771816385511719716e+00
1.397105000000000175e+01	-6.189167343350712169e-01	-8.767924862524269614e+00
1.397460000000000235e+01	-6.195131814212074817e-01	-8.764034648373524305e+00
1.397815000000000119e+01	-6.201099741900794049e-01	-8.760145739051152347e+00
1.398170000000000179e+01	-6.207071137207358369e-01	-8.756258130671479734e+00
1.398525000000000063e+01	-6.213046011290788151e-01	-8.752371819468820036e+00
1.398880000000000123e+01	-6.219024375669242044e-01	-8.748486801794706835e+00
1.399235000000000184e+01	-6.225006242210037177e-01	-8.744603074115142149e+00
1.399590000000000245e+01	-6.230991623120003542e-01	-8.740720633007807550e+00
1.399945000000000128e+01	-6.236980530935525291e-01	-8.736839475159255741e+00
1.400300000000000189e+01	-6.242972978512465465e-01	-8.732959597362103921e+00
1.400655000000000072e+01	-6.248968979016208403e-01	-8.729080996512216473e+00
1.401010000000000133e+01	-6.254968545911564481e-01	-8.725203669605907209e+00
1.401365000000000194e+01	-6.260971692952581602e-01	-8.721327613737127393e+00
1.401720000000000255e+01	-6.266978434172522094e-01	-8.717452826094703511e+00
1.402075000000000138e+01	-6.272988783873660878e-01	-8.713579303959557265e+00
1.402430000000000199e+01	-6.279002756617255709e-01	-8.709707044701991308e+00
1.402785000000000082e+01	-6.285020367213473014e-01	-8.705836045778960752e+00
1.403140000000000143e+01	-6.291041630711398103e-01	-8.701966304731413970e+00
1.403495000000000203e+01	-6.297066562389106448e-01	-8.698097819181651147e+00
1.403850000000000264e+01	-6.303095177743771593e-01	-8.694230586830713037e+00
1.404205000000000148e+01	-6.309127492481882982e-01	-8.690364605455831892e+00
1.404560000000000208e+01	-6.315163522509650296e-01	-8.686499872907923248e+00
1.404915000000000092e+01	-6.321203283923343408e-01	-8.682636387109100795e+00
1.405270000000000152e+01	-6.327246792999907665e-01	-8.678774146050256988e+00
1.405625000000000213e+01	-6.333294066187618032e-01	-8.674913147788700485e+00
1.405980000000000096e+01	-6.339345120096910868e-01	-8.671053390445822018e+00
1.406335000000000157e+01	-6.345399971491321178e-01	-8.667194872204825984e+00
1.406690000000000218e+01	-6.351458637278684094e-01	-8.663337591308508223e+00
1.407045000000000101e+01	-6.357521134502218674e-01	-8.659481546057092416e+00
1.407400000000000162e+01	-6.363587480332205670e-01	-8.655626734806119771e+00
1.407755000000000223e+01	-6.369657692057474341e-01	-8.651773155964381345e+00
1.408110000000000106e+01	-6.375731787077116852e-01	-8.647920807991921421e+00
1.408465000000000167e+01	-6.381809782892597926e-01	-8.644069689398071077e+00
1.408820000000000228e+01	-6.387891697099838950e-01	-8.640219798739574131e+00
1.409175000000000111e+01	-6.393977547381507476e-01	-8.636371134618720191e+00
1.409530000000000172e+01	-6.400067351499684198e-01	-8.632523695681562970e+00
1.409885000000000232e+01	-6.406161127288395596e-01	-8.628677480616191886e+00
1.410240000000000116e+01	-6.412258892646680586e-01	-8.624832488151042753e+00
1.410595000000000176e+01	-6.418360665531669396e-01	-8.620988717053249317e+00
1.410950000000000060e+01	-6.424466463951861162e-01	-8.617146166127083617e+00
1.411305000000000121e+01	-6.430576305960639116e-01	-8.613304834212415884e+00
1.411660000000000181e+01	-6.436690209650054451e-01	-8.609464720183238384e+00
1.412015000000000242e+01	-6.442808193144655693e-01	-8.605625822946230130e+00
1.412370000000000125e+01	-6.448930274595549017e-01	-8.601788141439378421e+00
1.412725000000000186e+01	-6.455056472174959259e-01	-8.597951674630637697e+00
1.413080000000000069e+01	-6.461186804070385703e-01	-8.594116421516645232e+00
1.413435000000000130e+01	-6.467321288479589425e-01	-8.590282381121474131e+00
1.413790000000000191e+01	-6.473459943605347489e-01	-8.586449552495443172e+00
1.414145000000000252e+01	-6.479602787650642348e-01	-8.582617934713955066e+00
1.414500000000000135e+01	-6.485749838813794632e-01	-8.578787526876380909e+00
1.414855000000000196e+01	-6.491901115284126611e-01	-8.574958328104990812e+00
1.415210000000000079e+01	-6.498056635237496881e-01	-8.571130337543934274e+00
1.415565000000000140e+01	-6.504216416832155900e-01	-8.567303554358232986e+00
1.415920000000000201e+01	-6.510380478204907950e-01	-8.563477977732834034e+00
1.416275000000000261e+01	-6.516548837467068811e-01	-8.559653606871712839e+00
1.416630000000000145e+01	-6.522721512701100677e-01	-8.555830440996954778e+00
1.416985000000000205e+01	-6.528898521957038348e-01	-8.552008479347948722e+00
1.417340000000000089e+01	-6.535079883249221844e-01	-8.548187721180562804e+00
1.417695000000000149e+01	-6.541265614553222196e-01	-8.544368165766369927e+00
1.418050000000000210e+01	-6.547455733802877154e-01	-8.540549812391901696e+00
1.418405000000000271e+01	-6.553650258887533386e-01	-8.536732660357944980e+00
1.418760000000000154e+01	-6.559849207649336433e-01	-8.532916708978850906e+00
1.419115000000000215e+01	-6.566052597880832620e-01	-8.529101957581877613e+00
1.419470000000000098e+01	-6.572260447322665344e-01	-8.525288405506588063e+00
1.419825000000000159e+01	-6.578472773661241391e-01	-8.521476052104228316e+00
1.420180000000000220e+01	-6.584689594526871304e-01	-8.517664896737187519e+00
1.420535000000000103e+01	-6.590910927491704374e-01	-8.513854938778411707e+00
1.420890000000000164e+01	-6.597136790068020007e-01	-8.510046177610927742e+00
1.421245000000000225e+01	-6.603367199706594581e-01	-8.506238612627319284e+00
1.421600000000000108e+01	-6.609602173795137148e-01	-8.502432243229264941e+00
1.421955000000000169e+01	-6.615841729656952719e-01	-8.498627068827094178e+00
1.422310000000000230e+01	-6.622085884549542278e-01	-8.494823088839345004e+00
1.422665000000000113e+01	-6.628334655663501440e-01	-8.491020302692376731e+00
1.423020000000000174e+01	-6.634588060121527908e-01	-8.487218709819956075e+00
1.423375000000000057e+01	-6.640846114977329018e-01	-8.483418309662914325e+00
1.423730000000000118e+01	-6.647108837214849020e-01	-8.479619101668781411e+00
1.424085000000000178e+01	-6.653376243747498586e-01	-8.475821085291459056e+00
1.424440000000000239e+01	-6.659648351417535306e-01	-8.472024259990917017e+00
1.424795000000000122e+01	-6.665925176995328716e-01	-8.468228625232876894e+00
1.425150000000000183e+01	-6.672206737179166014e-01	-8.464434180488533244e+00
1.425505000000000067e+01	-6.678493048594622561e-01	-8.460640925234310217e+00
1.425860000000000127e+01	-6.684784127794272113e-01	-8.456848858951573789e+00
1.426215000000000188e+01	-6.691079991257529169e-01	-8.453057981126423925e+00
1.426570000000000249e+01	-6.697380655390507975e-01	-8.449268291249453000e+00
1.426925000000000132e+01	-6.703686136525837114e-01	-8.445479788815541511e+00
1.427280000000000193e+01	-6.709996450922627309e-01	-8.441692473323650248e+00
1.427635000000000076e+01	-6.716311614766659055e-01	-8.437906344276658643e+00
1.427990000000000137e+01	-6.722631644170302678e-01	-8.434121401181148059e+00
1.428345000000000198e+01	-6.728956555172839193e-01	-8.430337643547275661e+00
1.428700000000000259e+01	-6.735286363740545790e-01	-8.426555070888602117e+00
1.429055000000000142e+01	-6.741621085767117716e-01	-8.422773682721956590e+00
1.429410000000000203e+01	-6.747960737073833704e-01	-8.418993478567276867e+00
1.429765000000000086e+01	-6.754305333410032253e-01	-8.415214457947540083e+00
1.430120000000000147e+01	-6.760654890453559052e-01	-8.411436620388577978e+00
1.430475000000000207e+01	-6.767009423811077840e-01	-8.407659965419018278e+00
1.430830000000000268e+01	-6.773368949018743201e-01	-8.403884492570167453e+00
1.431185000000000151e+01	-6.779733481542622453e-01	-8.400110201375925456e+00
1.431540000000000212e+01	-6.786103036779383979e-01	-8.396337091372689798e+00
1.431895000000000095e+01	-6.792477630056780180e-01	-8.392565162099295151e+00
1.432250000000000156e+01	-6.798857276634434621e-01	-8.388794413096924529e+00
1.432605000000000217e+01	-6.805241991704347182e-01	-8.385024843909054226e+00
1.432960000000000278e+01	-6.811631790391742269e-01	-8.381256454081405849e+00
1.433315000000000161e+01	-6.818026687755773807e-01	-8.377489243161877042e+00
1.433670000000000222e+01	-6.824426698790195811e-01	-8.373723210700505959e+00
1.434025000000000105e+01	-6.830831838424225033e-01	-8.369958356249423304e+00
1.434380000000000166e+01	-6.837242121523262606e-01	-8.366194679362815023e+00
1.434735000000000227e+01	-6.843657562889838841e-01	-8.362432179596906323e+00
1.435090000000000110e+01	-6.850078177264250501e-01	-8.358670856509920810e+00
1.435445000000000171e+01	-6.856503979325556664e-01	-8.354910709662053847e+00
1.435800000000000232e+01	-6.862934983692414725e-01	-8.351151738615474329e+00
1.436155000000000115e+01	-6.869371204923975238e-01	-8.347393942934287381e+00
1.436510000000000176e+01	-6.875812657520642412e-01	-8.343637322184537908e+00
1.436865000000000236e+01	-6.882259355925145483e-01	-8.339881875934201716e+00
1.437220000000000120e+01	-6.888711314523341400e-01	-8.336127603753183735e+00
1.437575000000000180e+01	-6.895168547645164070e-01	-8.332374505213302029e+00
1.437930000000000064e+01	-6.901631069565534737e-01	-8.328622579888325106e+00
1.438285000000000124e+01	-6.908098894505343424e-01	-8.324871827353934606e+00
1.438640000000000185e+01	-6.914572036632213869e-01	-8.321122247187760834e+00
1.438995000000000246e+01	-6.921050510061722560e-01	-8.317373838969391642e+00
1.439350000000000129e+01	-6.927534328858038215e-01	-8.313626602280375977e+00
1.439705000000000190e+01	-6.934023507035103062e-01	-8.309880536704252307e+00
1.440060000000000073e+01	-6.940518058557411107e-01	-8.306135641826546845e+00
1.440415000000000134e+01	-6.947017997341091711e-01	-8.302391917234812624e+00
1.440770000000000195e+01	-6.953523337254663428e-01	-8.298649362518641937e+00
1.441125000000000256e+01	-6.960034092120204186e-01	-8.294907977269694754e+00
1.441480000000000139e+01	-6.966550275714080698e-01	-8.291167761081714715e+00
1.441835000000000200e+01	-6.973071901768088665e-01	-8.287428713550568204e+00
1.442190000000000083e+01	-6.979598983970189963e-01	-8.283690834274256787e+00
1.442545000000000144e+01	-6.986131535965561801e-01	-8.279954122852968723e+00
1.442900000000000205e+01	-6.992669571357494895e-01	-8.276218578889087851e+00
1.443255000000000265e+01	-6.999213103708280537e-01	-8.272484201987237995e+00
1.443610000000000149e+01	-7.005762146540245316e-01	-8.268750991754314938e+00
1.443965000000000209e+01	-7.012316713336429475e-01	-8.265018947799520177e+00
1.444320000000000093e+01	-7.018876817541794821e-01	-8.261288069734394668e+00
1.444675000000000153e+01	-7.025442472563818708e-01	-8.257558357172850805e+00
1.445030000000000214e+01	-7.032013691773619790e-01	-8.253829809731227485e+00
1.445385000000000275e+01	-7.038590488506706322e-01	-8.250102427028298990e+00
1.445740000000000158e+01	-7.045172876063886536e-01	-8.246376208685344267e+00
1.446095000000000219e+01	-7.051760867712129066e-01	-8.242651154326161134e+00
1.446450000000000102e+01	-7.058354476685467782e-01	-8.238927263577126681e+00
1.446805000000000163e+01	-7.064953716185788934e-01	-8.235204536067218584e+00
1.447160000000000224e+01	-7.071558599383702681e-01	-8.231482971428073725e+00
1.447515000000000107e+01	-7.078169139419310252e-01	-8.227762569294011286e+00
1.447870000000000168e+01	-7.084785349403187604e-01	-8.224043329302087812e+00
1.448225000000000229e+01	-7.091407242417018253e-01	-8.220325251092146956e+00
1.448580000000000112e+01	-7.098034831514505871e-01	-8.216608334306837236e+00
1.448935000000000173e+01	-7.104668129722113701e-01	-8.212892578591667103e+00
1.449290000000000234e+01	-7.111307150039867242e-01	-8.209177983595058237e+00
1.449645000000000117e+01	-7.117951905442153615e-01	-8.205464548968375738e+00
1.450000000000000178e+01	-7.124602408878459858e-01	-8.201752274365974316e+00
