Frequency	S11(dB)	S21(dB)
1.095000000000000107e+01	-9.803874623288995338e-02	-1.651071196870185531e+01
1.095355000000000167e+01	-9.817521724841909991e-02	-1.650474693680026661e+01
1.095710000000000051e+01	-9.831176949244409269e-02	-1.649878772972274632e+01
1.096065000000000111e+01	-9.844840257999309951e-02	-1.649283433484814054e+01
1.096420000000000172e+01	-9.858511612974429905e-02	-1.648688673959057738e+01
1.096775000000000055e+01	-9.872190976400277429e-02	-1.648094493139935679e+01
1.097130000000000116e+01	-9.885878310867056429e-02	-1.647500889775884403e+01
1.097485000000000177e+01	-9.899573579323606154e-02	-1.646907862618838436e+01
1.097840000000000060e+01	-9.913276745074031671e-02	-1.646315410424215742e+01
1.098195000000000121e+01	-9.926987771775758196e-02	-1.645723531950910967e+01
1.098550000000000182e+01	-9.940706623437614575e-02	-1.645132225961285144e+01
1.098905000000000065e+01	-9.954433264417812677e-02	-1.644541491221150764e+01
1.099260000000000126e+01	-9.968167659420548721e-02	-1.643951326499766452e+01
1.099615000000000187e+01	-9.981909773495645233e-02	-1.643361730569822754e+01
1.099970000000000070e+01	-9.995659572033104012e-02	-1.642772702207436097e+01
1.100325000000000131e+01	-1.000941702076587475e-01	-1.642184240192131739e+01
1.100680000000000192e+01	-1.002318208576225556e-01	-1.641596343306839856e+01
1.101035000000000075e+01	-1.003695473342846312e-01	-1.641009010337883467e+01
1.101390000000000136e+01	-1.005073493050279709e-01	-1.640422240074964222e+01
1.101745000000000019e+01	-1.006452264405576502e-01	-1.639836031311157427e+01
1.102100000000000080e+01	-1.007831784148669058e-01	-1.639250382842898901e+01
1.102455000000000140e+01	-1.009212049052295723e-01	-1.638665293469974671e+01
1.102810000000000024e+01	-1.010593055921602673e-01	-1.638080761995511736e+01
1.103165000000000084e+01	-1.011974801594078682e-01	-1.637496787225966344e+01
1.103520000000000145e+01	-1.013357282939293530e-01	-1.636913367971116173e+01
1.103875000000000028e+01	-1.014740496858695107e-01	-1.636330503044047546e+01
1.104230000000000089e+01	-1.016124440285388064e-01	-1.635748191261145834e+01
1.104585000000000150e+01	-1.017509110183979770e-01	-1.635166431442086932e+01
1.104940000000000033e+01	-1.018894503550240305e-01	-1.634585222409824468e+01
1.105295000000000094e+01	-1.020280617411076368e-01	-1.634004562990581277e+01
1.105650000000000155e+01	-1.021667448824221114e-01	-1.633424452013839456e+01
1.106005000000000038e+01	-1.023054994878020985e-01	-1.632844888312329346e+01
1.106360000000000099e+01	-1.024443252691273065e-01	-1.632265870722018875e+01
1.106715000000000160e+01	-1.025832219413031210e-01	-1.631687398082105744e+01
1.107070000000000043e+01	-1.027221892222374977e-01	-1.631109469235004283e+01
1.107425000000000104e+01	-1.028612268328225748e-01	-1.630532083026337631e+01
1.107780000000000165e+01	-1.030003344969133983e-01	-1.629955238304926368e+01
1.108135000000000048e+01	-1.031395119413096861e-01	-1.629378933922779638e+01
1.108490000000000109e+01	-1.032787588957354286e-01	-1.628803168735083062e+01
1.108845000000000169e+01	-1.034180750928216930e-01	-1.628227941600191286e+01
1.109200000000000053e+01	-1.035574602680852108e-01	-1.627653251379616250e+01
1.109555000000000113e+01	-1.036969141599052568e-01	-1.627079096938016534e+01
1.109910000000000174e+01	-1.038364365095091890e-01	-1.626505477143189182e+01
1.110265000000000057e+01	-1.039760270609541709e-01	-1.625932390866058341e+01
1.110620000000000118e+01	-1.041156855611028165e-01	-1.625359836980666017e+01
1.110975000000000179e+01	-1.042554117596119351e-01	-1.624787814364160710e+01
1.111330000000000062e+01	-1.043952054089061499e-01	-1.624216321896789594e+01
1.111685000000000123e+01	-1.045350662641577472e-01	-1.623645358461886445e+01
1.112040000000000184e+01	-1.046749940832790438e-01	-1.623074922945862752e+01
1.112395000000000067e+01	-1.048149886268932712e-01	-1.622505014238197418e+01
1.112750000000000128e+01	-1.049550496583201292e-01	-1.621935631231427166e+01
1.113105000000000189e+01	-1.050951769435536365e-01	-1.621366772821135172e+01
1.113460000000000072e+01	-1.052353702512534295e-01	-1.620798437905943601e+01
1.113815000000000133e+01	-1.053756293527127741e-01	-1.620230625387500467e+01
1.114170000000000194e+01	-1.055159540218500308e-01	-1.619663334170473235e+01
1.114525000000000077e+01	-1.056563440351883099e-01	-1.619096563162535674e+01
1.114880000000000138e+01	-1.057967991718351541e-01	-1.618530311274359690e+01
1.115235000000000198e+01	-1.059373192134681063e-01	-1.617964577419604311e+01
1.115590000000000082e+01	-1.060779039443144056e-01	-1.617399360514907869e+01
1.115945000000000142e+01	-1.062185531511297409e-01	-1.616834659479874503e+01
1.116300000000000026e+01	-1.063592666231924500e-01	-1.616270473237067762e+01
1.116655000000000086e+01	-1.065000441522706842e-01	-1.615706800711997815e+01
1.117010000000000147e+01	-1.066408855326146932e-01	-1.615143640833114347e+01
1.117365000000000030e+01	-1.067817905609335649e-01	-1.614580992531794124e+01
1.117720000000000091e+01	-1.069227590363896196e-01	-1.614018854742331044e+01
1.118075000000000152e+01	-1.070637907605624106e-01	-1.613457226401929390e+01
1.118430000000000035e+01	-1.072048855374489185e-01	-1.612896106450690326e+01
1.118785000000000096e+01	-1.073460431734286763e-01	-1.612335493831601596e+01
1.119140000000000157e+01	-1.074872634772705837e-01	-1.611775387490532196e+01
1.119495000000000040e+01	-1.076285462600913567e-01	-1.611215786376218162e+01
1.119850000000000101e+01	-1.077698913353554722e-01	-1.610656689440253331e+01
1.120205000000000162e+01	-1.079112985188442897e-01	-1.610098095637079751e+01
1.120560000000000045e+01	-1.080527676286609506e-01	-1.609540003923979157e+01
1.120915000000000106e+01	-1.081942984851848033e-01	-1.608982413261060529e+01
1.121270000000000167e+01	-1.083358909110792440e-01	-1.608425322611251218e+01
1.121625000000000050e+01	-1.084775447312637531e-01	-1.607868730940288060e+01
1.121980000000000111e+01	-1.086192597728982551e-01	-1.607312637216704942e+01
1.122335000000000171e+01	-1.087610358653658404e-01	-1.606757040411825344e+01
1.122690000000000055e+01	-1.089028728402641061e-01	-1.606201939499749543e+01
1.123045000000000115e+01	-1.090447705313789400e-01	-1.605647333457347514e+01
1.123400000000000176e+01	-1.091867287746730031e-01	-1.605093221264247560e+01
1.123755000000000059e+01	-1.093287474082712402e-01	-1.604539601902825652e+01
1.124110000000000120e+01	-1.094708262724375936e-01	-1.603986474358194769e+01
1.124465000000000181e+01	-1.096129652095692852e-01	-1.603433837618199220e+01
1.124820000000000064e+01	-1.097551640641736548e-01	-1.602881690673397586e+01
1.125175000000000125e+01	-1.098974226828564604e-01	-1.602330032517058811e+01
1.125530000000000186e+01	-1.100397409142996191e-01	-1.601778862145149063e+01
1.125885000000000069e+01	-1.101821186092526439e-01	-1.601228178556321780e+01
1.126240000000000130e+01	-1.103245556205151856e-01	-1.600677980751907725e+01
1.126595000000000191e+01	-1.104670518029127191e-01	-1.600128267735905752e+01
1.126950000000000074e+01	-1.106096070133055498e-01	-1.599579038514971252e+01
1.127305000000000135e+01	-1.107522211105372023e-01	-1.599030292098406747e+01
1.127660000000000196e+01	-1.108948939554502133e-01	-1.598482027498151048e+01
1.128015000000000079e+01	-1.110376254108539906e-01	-1.597934243728770554e+01
1.128370000000000140e+01	-1.111804153415152374e-01	-1.597386939807445572e+01
1.128725000000000023e+01	-1.113232636141434917e-01	-1.596840114753965700e+01
1.129080000000000084e+01	-1.114661700973726965e-01	-1.596293767590712953e+01
1.129435000000000144e+01	-1.116091346617495428e-01	-1.595747897342656429e+01
1.129790000000000028e+01	-1.117521571797132213e-01	-1.595202503037339881e+01
1.130145000000000088e+01	-1.118952375255877069e-01	-1.594657583704870163e+01
1.130500000000000149e+01	-1.120383755755555294e-01	-1.594113138377910488e+01
1.130855000000000032e+01	-1.121815712076628113e-01	-1.593569166091667100e+01
1.131210000000000093e+01	-1.123248243017813119e-01	-1.593025665883877018e+01
1.131565000000000154e+01	-1.124681347396075948e-01	-1.592482636794804129e+01
1.131920000000000037e+01	-1.126115024046436125e-01	-1.591940077867221426e+01
1.132275000000000098e+01	-1.127549271821880889e-01	-1.591397988146404252e+01
1.132630000000000159e+01	-1.128984089593132178e-01	-1.590856366680119649e+01
1.132985000000000042e+01	-1.130419476248529925e-01	-1.590315212518615340e+01
1.133340000000000103e+01	-1.131855430693898129e-01	-1.589774524714606940e+01
1.133695000000000164e+01	-1.133291951852456875e-01	-1.589234302323271564e+01
1.134050000000000047e+01	-1.134729038664561290e-01	-1.588694544402233610e+01
1.134405000000000108e+01	-1.136166690087622860e-01	-1.588155250011555175e+01
1.134760000000000169e+01	-1.137604905096025187e-01	-1.587616418213725211e+01
1.135115000000000052e+01	-1.139043682680820208e-01	-1.587078048073649050e+01
1.135470000000000113e+01	-1.140483021849711676e-01	-1.586540138658636678e+01
1.135825000000000173e+01	-1.141922921626938037e-01	-1.586002689038392965e+01
1.136180000000000057e+01	-1.143363381053040251e-01	-1.585465698285006297e+01
1.136535000000000117e+01	-1.144804399184754240e-01	-1.584929165472936496e+01
1.136890000000000178e+01	-1.146245975094847963e-01	-1.584393089679005762e+01
1.137245000000000061e+01	-1.147688107872032875e-01	-1.583857469982385702e+01
1.137600000000000122e+01	-1.149130796620819600e-01	-1.583322305464588098e+01
1.137955000000000183e+01	-1.150574040461353198e-01	-1.582787595209452114e+01
1.138310000000000066e+01	-1.152017838529208332e-01	-1.582253338303133816e+01
1.138665000000000127e+01	-1.153462189975352492e-01	-1.581719533834094804e+01
1.139020000000000188e+01	-1.154907093966038717e-01	-1.581186180893091731e+01
1.139375000000000071e+01	-1.156352549682514719e-01	-1.580653278573164044e+01
1.139730000000000132e+01	-1.157798556321003175e-01	-1.580120825969621556e+01
1.140085000000000193e+01	-1.159245113092528257e-01	-1.579588822180036267e+01
1.140440000000000076e+01	-1.160692219222799054e-01	-1.579057266304227980e+01
1.140795000000000137e+01	-1.162139873952024727e-01	-1.578526157444253109e+01
1.141150000000000198e+01	-1.163588076534828458e-01	-1.577995494704395441e+01
1.141505000000000081e+01	-1.165036826240071766e-01	-1.577465277191151571e+01
1.141860000000000142e+01	-1.166486122350758742e-01	-1.576935504013220779e+01
1.142215000000000202e+01	-1.167935964163841489e-01	-1.576406174281493122e+01
1.142570000000000086e+01	-1.169386350990132689e-01	-1.575877287109038782e+01
1.142925000000000146e+01	-1.170837282154170711e-01	-1.575348841611093320e+01
1.143280000000000030e+01	-1.172288756994034759e-01	-1.574820836905048793e+01
1.143635000000000090e+01	-1.173740774861257441e-01	-1.574293272110440256e+01
1.143990000000000151e+01	-1.175193335120689603e-01	-1.573766146348934925e+01
1.144345000000000034e+01	-1.176646437150276614e-01	-1.573239458744319919e+01
1.144700000000000095e+01	-1.178100080341068778e-01	-1.572713208422488407e+01
1.145055000000000156e+01	-1.179554264096978611e-01	-1.572187394511430902e+01
1.145410000000000039e+01	-1.181008987834624574e-01	-1.571662016141219986e+01
1.145765000000000100e+01	-1.182464250983332743e-01	-1.571137072444000893e+01
1.146120000000000161e+01	-1.183920052984825527e-01	-1.570612562553976232e+01
1.146475000000000044e+01	-1.185376393293211539e-01	-1.570088485607397288e+01
1.146830000000000105e+01	-1.186833271374801713e-01	-1.569564840742549450e+01
1.147185000000000166e+01	-1.188290686707993427e-01	-1.569041627099740488e+01
1.147540000000000049e+01	-1.189748638783055257e-01	-1.568518843821288655e+01
1.147895000000000110e+01	-1.191207127102099361e-01	-1.567996490051508829e+01
1.148250000000000171e+01	-1.192666151178896627e-01	-1.567474564936703274e+01
1.148605000000000054e+01	-1.194125710538730817e-01	-1.566953067625146367e+01
1.148960000000000115e+01	-1.195585804718243272e-01	-1.566431997267072873e+01
1.149315000000000175e+01	-1.197046433265345350e-01	-1.565911353014667284e+01
1.149670000000000059e+01	-1.198507595739014830e-01	-1.565391134022049258e+01
1.150025000000000119e+01	-1.199969291709227226e-01	-1.564871339445262244e+01
1.150380000000000180e+01	-1.201431520756772731e-01	-1.564351968442261764e+01
1.150735000000000063e+01	-1.202894282473088855e-01	-1.563833020172901911e+01
1.151090000000000124e+01	-1.204357576460203527e-01	-1.563314493798923266e+01
1.151445000000000185e+01	-1.205821402330472386e-01	-1.562796388483941357e+01
1.151800000000000068e+01	-1.207285759706559491e-01	-1.562278703393434398e+01
1.152155000000000129e+01	-1.208750648221213198e-01	-1.561761437694729793e+01
1.152510000000000190e+01	-1.210216067517160127e-01	-1.561244590556994005e+01
1.152865000000000073e+01	-1.211682017246909493e-01	-1.560728161151219595e+01
1.153220000000000134e+01	-1.213148497072685933e-01	-1.560212148650211361e+01
1.153575000000000195e+01	-1.214615506666225087e-01	-1.559696552228579236e+01
1.153930000000000078e+01	-1.216083045708588189e-01	-1.559181371062722654e+01
1.154285000000000139e+01	-1.217551113890134040e-01	-1.558666604330818828e+01
1.154640000000000200e+01	-1.219019710910254767e-01	-1.558152251212814932e+01
1.154995000000000083e+01	-1.220488836477250649e-01	-1.557638310890413536e+01
1.155350000000000144e+01	-1.221958490308212575e-01	-1.557124782547061592e+01
1.155705000000000027e+01	-1.223428672128847039e-01	-1.556611665367943154e+01
1.156060000000000088e+01	-1.224899381673281440e-01	-1.556098958539964094e+01
1.156415000000000148e+01	-1.226370618683986363e-01	-1.555586661251745006e+01
1.156770000000000209e+01	-1.227842382911502050e-01	-1.555074772693610896e+01
1.157125000000000092e+01	-1.229314674114390799e-01	-1.554563292057580171e+01
1.157480000000000153e+01	-1.230787492059031984e-01	-1.554052218537355401e+01
1.157835000000000036e+01	-1.232260836519368102e-01	-1.553541551328315862e+01
1.158190000000000097e+01	-1.233734707276925441e-01	-1.553031289627508293e+01
1.158545000000000158e+01	-1.235209104120472273e-01	-1.552521432633637843e+01
1.158900000000000041e+01	-1.236684026845852463e-01	-1.552011979547062381e+01
1.159255000000000102e+01	-1.238159475255967840e-01	-1.551502929569783795e+01
1.159610000000000163e+01	-1.239635449160415293e-01	-1.550994281905442307e+01
1.159965000000000046e+01	-1.241111948375439866e-01	-1.550486035759312387e+01
1.160320000000000107e+01	-1.242588972723650542e-01	-1.549978190338294226e+01
1.160675000000000168e+01	-1.244066522033874800e-01	-1.549470744850911963e+01
1.161030000000000051e+01	-1.245544596140982091e-01	-1.548963698507312081e+01
1.161385000000000112e+01	-1.247023194885719388e-01	-1.548457050519255773e+01
1.161740000000000173e+01	-1.248502318114377979e-01	-1.547950800100122137e+01
1.162095000000000056e+01	-1.249981965678764878e-01	-1.547444946464906224e+01
1.162450000000000117e+01	-1.251462137435822020e-01	-1.546939488830219744e+01
1.162805000000000177e+01	-1.252942833247645549e-01	-1.546434426414291607e+01
1.163160000000000061e+01	-1.254424052980988302e-01	-1.545929758436975554e+01
1.163515000000000121e+01	-1.255905796507268968e-01	-1.545425484119749981e+01
1.163870000000000182e+01	-1.257388063702201686e-01	-1.544921602685727535e+01
1.164225000000000065e+01	-1.258870854445707232e-01	-1.544418113359663280e+01
1.164580000000000126e+01	-1.260354168621493909e-01	-1.543915015367962162e+01
1.164935000000000187e+01	-1.261838006116958455e-01	-1.543412307938693218e+01
1.165290000000000070e+01	-1.263322366822933751e-01	-1.542909990301603784e+01
1.165645000000000131e+01	-1.264807250633315783e-01	-1.542408061688133358e+01
1.166000000000000192e+01	-1.266292657444917924e-01	-1.541906521331435798e+01
1.166355000000000075e+01	-1.267778587157187553e-01	-1.541405368466397974e+01
1.166710000000000136e+01	-1.269265039671833295e-01	-1.540904602329666062e+01
1.167065000000000197e+01	-1.270752014892650439e-01	-1.540404222159670944e+01
1.167420000000000080e+01	-1.272239512725187871e-01	-1.539904227196661068e+01
1.167775000000000141e+01	-1.273727533076424723e-01	-1.539404616682734428e+01
1.168130000000000202e+01	-1.275216075854478381e-01	-1.538905389861877993e+01
1.168485000000000085e+01	-1.276705140968270036e-01	-1.538406545980010698e+01
1.168840000000000146e+01	-1.278194728327183005e-01	-1.537908084285026433e+01
1.169195000000000206e+01	-1.279684837840769918e-01	-1.537410004026848753e+01
1.169550000000000090e+01	-1.281175469418301960e-01	-1.536912304457485234e+01
1.169905000000000150e+01	-1.282666622968513248e-01	-1.536414984831088759e+01
1.170260000000000034e+01	-1.284158298399074583e-01	-1.535918044404026617e+01
1.170615000000000094e+01	-1.285650495616366684e-01	-1.535421482434951201e+01
1.170970000000000155e+01	-1.287143214524863188e-01	-1.534925298184883324e+01
1.171325000000000038e+01	-1.288636455026965222e-01	-1.534429490917297656e+01
1.171680000000000099e+01	-1.290130217022286419e-01	-1.533934059898216873e+01
1.172035000000000160e+01	-1.291624500407348719e-01	-1.533439004396316818e+01
1.172390000000000043e+01	-1.293119305075093317e-01	-1.532944323683037524e+01
1.172745000000000104e+01	-1.294614630914292241e-01	-1.532450017032702405e+01
1.173100000000000165e+01	-1.296110477809138128e-01	-1.531956083722653261e+01
1.173455000000000048e+01	-1.297606845638615836e-01	-1.531462523033388123e+01
1.173810000000000109e+01	-1.299103734275965372e-01	-1.530969334248717217e+01
1.174165000000000170e+01	-1.300601143588082653e-01	-1.530476516655926922e+01
1.174520000000000053e+01	-1.302099073434913046e-01	-1.529984069545959890e+01
1.174875000000000114e+01	-1.303597523668804103e-01	-1.529491992213605300e+01
1.175230000000000175e+01	-1.305096494133820562e-01	-1.529000283957708106e+01
1.175585000000000058e+01	-1.306595984664987997e-01	-1.528508944081392684e+01
1.175940000000000119e+01	-1.308095995087638352e-01	-1.528017971892299265e+01
1.176295000000000179e+01	-1.309596525216546459e-01	-1.527527366702847722e+01
1.176650000000000063e+01	-1.311097574855223380e-01	-1.527037127830512198e+01
1.177005000000000123e+01	-1.312599143794918877e-01	-1.526547254598117576e+01
1.177360000000000184e+01	-1.314101231813845361e-01	-1.526057746334163312e+01
1.177715000000000067e+01	-1.315603838676119852e-01	-1.525568602373164140e+01
1.178070000000000128e+01	-1.317106964130871638e-01	-1.525079822056018131e+01
1.178425000000000189e+01	-1.318610607911174237e-01	-1.524591404730403355e+01
1.178780000000000072e+01	-1.320114769732819715e-01	-1.524103349751197811e+01
1.179135000000000133e+01	-1.321619449293318094e-01	-1.523615656480931513e+01
1.179490000000000194e+01	-1.323124646270633642e-01	-1.523128324290271607e+01
1.179845000000000077e+01	-1.324630360321802092e-01	-1.522641352558539651e+01
1.180200000000000138e+01	-1.326136591081675253e-01	-1.522154740674260509e+01
1.180555000000000199e+01	-1.327643338161440534e-01	-1.521668488035757250e+01
1.180910000000000082e+01	-1.329150601147023325e-01	-1.521182594051776071e+01
1.181265000000000143e+01	-1.330658379597595697e-01	-1.520697058142159364e+01
1.181620000000000203e+01	-1.332166673043801708e-01	-1.520211879738561223e+01
1.181975000000000087e+01	-1.333675480985924700e-01	-1.519727058285208798e+01
1.182330000000000148e+01	-1.335184802892052658e-01	-1.519242593239710892e+01
1.182685000000000031e+01	-1.336694638195958795e-01	-1.518758484073923043e+01
1.183040000000000092e+01	-1.338204986294966037e-01	-1.518274730274858442e+01
1.183395000000000152e+01	-1.339715846547680500e-01	-1.517791331345664574e+01
1.183750000000000213e+01	-1.341227218271559829e-01	-1.517308286806647821e+01
1.184105000000000096e+01	-1.342739100740253655e-01	-1.516825596196370185e+01
1.184460000000000157e+01	-1.344251493180938783e-01	-1.516343259072798944e+01
1.184815000000000040e+01	-1.345764394771266914e-01	-1.515861275014531984e+01
1.185170000000000101e+01	-1.347277804636335119e-01	-1.515379643622082284e+01
1.185525000000000162e+01	-1.348791721845351010e-01	-1.514898364519240204e+01
1.185880000000000045e+01	-1.350306145407865477e-01	-1.514417437354500073e+01
1.186235000000000106e+01	-1.351821074270312950e-01	-1.513936861802567080e+01
1.186590000000000167e+01	-1.353336507311614090e-01	-1.513456637565932184e+01
1.186945000000000050e+01	-1.354852443338991075e-01	-1.512976764376528394e+01
1.187300000000000111e+01	-1.356368881083246380e-01	-1.512497241997455433e+01
1.187655000000000172e+01	-1.357885819193831722e-01	-1.512018070224784339e+01
1.188010000000000055e+01	-1.359403256233422952e-01	-1.511539248889434184e+01
1.188365000000000116e+01	-1.360921190672191583e-01	-1.511060777859117898e+01
1.188720000000000176e+01	-1.362439620881665259e-01	-1.510582657040361809e+01
1.189075000000000060e+01	-1.363958545128116373e-01	-1.510104886380585043e+01
1.189430000000000121e+01	-1.365477961565380594e-01	-1.509627465870236307e+01
1.189785000000000181e+01	-1.366997868227188551e-01	-1.509150395544990531e+01
1.190140000000000065e+01	-1.368518263018984049e-01	-1.508673675487977661e+01
1.190495000000000125e+01	-1.370039143708938756e-01	-1.508197305832054269e+01
1.190850000000000186e+01	-1.371560507918388183e-01	-1.507721286762087765e+01
1.191205000000000069e+01	-1.373082353111444442e-01	-1.507245618517247721e+01
1.191560000000000130e+01	-1.374604676583793539e-01	-1.506770301393285116e+01
1.191915000000000191e+01	-1.376127475450570903e-01	-1.506295335744776054e+01
1.192270000000000074e+01	-1.377650746633296008e-01	-1.505820721987309874e+01
1.192625000000000135e+01	-1.379174486845510528e-01	-1.505346460599587388e+01
1.192980000000000196e+01	-1.380698692577574105e-01	-1.504872552125413421e+01
1.193335000000000079e+01	-1.382223360079722907e-01	-1.504398997175526098e+01
1.193690000000000140e+01	-1.383748485344050150e-01	-1.503925796429245310e+01
1.194045000000000201e+01	-1.385274064084718593e-01	-1.503452950635885799e+01
1.194400000000000084e+01	-1.386800091716381134e-01	-1.502980460615886216e+01
1.194755000000000145e+01	-1.388326563330890273e-01	-1.502508327261606880e+01
1.195110000000000028e+01	-1.389853473671676665e-01	-1.502036551537737630e+01
1.195465000000000089e+01	-1.391380817105908330e-01	-1.501565134481246133e+01
1.195820000000000149e+01	-1.392908587594098302e-01	-1.501094077200817267e+01
1.196175000000000210e+01	-1.394436778656879816e-01	-1.500623380875692625e+01
1.196530000000000094e+01	-1.395965383338531873e-01	-1.500153046753854724e+01
1.196885000000000154e+01	-1.397494394167180243e-01	-1.499683076149464611e+01
1.197240000000000038e+01	-1.399023803111102138e-01	-1.499213470439487672e+01
1.197595000000000098e+01	-1.400553601530893089e-01	-1.498744231059417231e+01
1.197950000000000159e+01	-1.402083780126716639e-01	-1.498275359498021331e+01
1.198305000000000220e+01	-1.403614328880619100e-01	-1.497806857291040927e+01
1.198660000000000103e+01	-1.405145236992880742e-01	-1.497338726013756371e+01
1.199015000000000164e+01	-1.406676492812038159e-01	-1.496870967272367636e+01
1.199370000000000047e+01	-1.408208083757831186e-01	-1.496403582694125767e+01
1.199725000000000108e+01	-1.409739996236225590e-01	-1.495936573916168655e+01
1.200080000000000169e+01	-1.411272215545759101e-01	-1.495469942573039290e+01
1.200435000000000052e+01	-1.412804725774186587e-01	-1.495003690282865882e+01
1.200790000000000113e+01	-1.414337509684349681e-01	-1.494537818632217174e+01
1.201145000000000174e+01	-1.415870548588235300e-01	-1.494072329159672741e+01
1.201500000000000057e+01	-1.417403822207924102e-01	-1.493607223338161916e+01
1.201855000000000118e+01	-1.418937308521909246e-01	-1.493142502556171181e+01
1.202210000000000178e+01	-1.420470983595765180e-01	-1.492678168097950930e+01
1.202565000000000062e+01	-1.422004821395014551e-01	-1.492214221122877404e+01
1.202920000000000122e+01	-1.423538793579119388e-01	-1.491750662644181880e+01
1.203275000000000183e+01	-1.425072869274712495e-01	-1.491287493507275741e+01
1.203630000000000067e+01	-1.426607014826389297e-01	-1.490824714367958848e+01
1.203985000000000127e+01	-1.428141193523894126e-01	-1.490362325670816190e+01
1.204340000000000188e+01	-1.429675365304027279e-01	-1.489900327628147281e+01
1.204695000000000071e+01	-1.431209486426969768e-01	-1.489438720199800059e+01
1.205050000000000132e+01	-1.432743509126439829e-01	-1.488977503074300657e+01
1.205405000000000193e+01	-1.434277381235271598e-01	-1.488516675651681176e+01
1.205760000000000076e+01	-1.435811045788485396e-01	-1.488056237028406414e+01
1.206115000000000137e+01	-1.437344440609452934e-01	-1.487596185984804009e+01
1.206470000000000198e+01	-1.438877497887232904e-01	-1.487136520975372633e+01
1.206825000000000081e+01	-1.440410143758816819e-01	-1.486677240122314281e+01
1.207180000000000142e+01	-1.441942297916458671e-01	-1.486218341212587291e+01
1.207535000000000203e+01	-1.443473873269705554e-01	-1.485759821698738925e+01
1.207890000000000086e+01	-1.445004775705895084e-01	-1.485301678703680572e+01
1.208245000000000147e+01	-1.446534904010151057e-01	-1.484843909029518016e+01
1.208600000000000207e+01	-1.448064150031761754e-01	-1.484386509170453294e+01
1.208955000000000091e+01	-1.449592399217120020e-01	-1.483929475329684600e+01
1.209310000000000151e+01	-1.451119531675869045e-01	-1.483472803440143650e+01
1.209665000000000035e+01	-1.452645424006239749e-01	-1.483016489188828935e+01
1.210020000000000095e+01	-1.454169952185640213e-01	-1.482560528044380810e+01
1.210375000000000156e+01	-1.455692995933400846e-01	-1.482104915287505165e+01
1.210730000000000217e+01	-1.457214445078699461e-01	-1.481649646043748803e+01
1.211085000000000100e+01	-1.458734208616845052e-01	-1.481194715318099142e+01
1.211440000000000161e+01	-1.460252227303519557e-01	-1.480740118030831098e+01
1.211795000000000044e+01	-1.461768490800751108e-01	-1.480285849054002867e+01
1.212150000000000105e+01	-1.463283060502759969e-01	-1.479831903247996117e+01
1.212505000000000166e+01	-1.464796099158905962e-01	-1.479378275497508000e+01
1.212860000000000227e+01	-1.466307908133100968e-01	-1.478924960746426720e+01
1.213215000000000110e+01	-1.467818972387215370e-01	-1.478471954031067170e+01
1.213570000000000171e+01	-1.469330011760425214e-01	-1.478019250511292881e+01
1.213925000000000054e+01	-1.470842034508692275e-01	-1.477566845499122827e+01
1.214280000000000115e+01	-1.472356385121958711e-01	-1.477114734484482383e+01
1.214635000000000176e+01	-1.473874773262167925e-01	-1.476662913157849744e+01
1.214990000000000059e+01	-1.475399265168955976e-01	-1.476211377429608973e+01
1.215345000000000120e+01	-1.476932215275253424e-01	-1.475760123446020700e+01
1.215700000000000180e+01	-1.478476117760776087e-01	-1.475309147601774384e+01
1.216055000000000064e+01	-1.480033369660617160e-01	-1.474858446549173507e+01
1.216410000000000124e+01	-1.481605961233599389e-01	-1.474408017204056165e+01
1.216765000000000185e+01	-1.483195141907598102e-01	-1.473957856748612016e+01
1.217120000000000068e+01	-1.484801138991586056e-01	-1.473507962631302171e+01
1.217475000000000129e+01	-1.486423013725218789e-01	-1.473058332564119510e+01
1.217830000000000190e+01	-1.488058712461652888e-01	-1.472608964517459285e+01
1.218185000000000073e+01	-1.489705314432674399e-01	-1.472159856712885251e+01
1.218540000000000134e+01	-1.491359415596573146e-01	-1.471711007614074518e+01
1.218895000000000195e+01	-1.493017550297939533e-01	-1.471262415916249822e+01
1.219250000000000078e+01	-1.494676554678359137e-01	-1.470814080534372081e+01
1.219605000000000139e+01	-1.496333810786227847e-01	-1.470366000590375144e+01
1.219960000000000200e+01	-1.497987356252830360e-01	-1.469918175399705262e+01
1.220315000000000083e+01	-1.499635880616804751e-01	-1.469470604457403695e+01
1.220670000000000144e+01	-1.501278646696576902e-01	-1.469023287423946833e+01
1.221025000000000205e+01	-1.502915375873641046e-01	-1.468576224111050266e+01
1.221380000000000088e+01	-1.504546127074719020e-01	-1.468129414467598437e+01
1.221735000000000149e+01	-1.506171187635743092e-01	-1.467682858565851056e+01
1.222090000000000032e+01	-1.507790984334640427e-01	-1.467236556588054341e+01
1.222445000000000093e+01	-1.509406016167254005e-01	-1.466790508813551597e+01
1.222800000000000153e+01	-1.511016806745885399e-01	-1.466344715606480520e+01
1.223155000000000214e+01	-1.512623872676976955e-01	-1.465899177404117282e+01
1.223510000000000097e+01	-1.514227704063137170e-01	-1.465453894705905569e+01
1.223865000000000158e+01	-1.515828753709801413e-01	-1.465008868063211622e+01
1.224220000000000041e+01	-1.517427432286999611e-01	-1.464564098069807407e+01
1.224575000000000102e+01	-1.519024107368736054e-01	-1.464119585353090791e+01
1.224930000000000163e+01	-1.520619104858572379e-01	-1.463675330566039179e+01
1.225285000000000224e+01	-1.522212711766849358e-01	-1.463231334379872628e+01
1.225640000000000107e+01	-1.523805179652021058e-01	-1.462787597477414181e+01
1.225995000000000168e+01	-1.525396728283244796e-01	-1.462344120547109938e+01
1.226350000000000051e+01	-1.526987549253432663e-01	-1.461900904277689328e+01
1.226705000000000112e+01	-1.528577809387612618e-01	-1.461457949353419750e+01
1.227060000000000173e+01	-1.530167653866227884e-01	-1.461015256449928401e+01
1.227415000000000056e+01	-1.531757209032681422e-01	-1.460572826230546895e+01
1.227770000000000117e+01	-1.533346584882072094e-01	-1.460130659343147563e+01
1.228125000000000178e+01	-1.534935877246658142e-01	-1.459688756417429012e+01
1.228480000000000061e+01	-1.536525169701384863e-01	-1.459247118062617332e+01
1.228835000000000122e+01	-1.538114535217449397e-01	-1.458805744865543730e+01
1.229190000000000182e+01	-1.539704037592219965e-01	-1.458364637389068719e+01
1.229545000000000066e+01	-1.541293732683131634e-01	-1.457923796170817354e+01
1.229900000000000126e+01	-1.542883669470369035e-01	-1.457483221722193178e+01
1.230255000000000187e+01	-1.544473890972322405e-01	-1.457042914527646005e+01
1.230610000000000070e+01	-1.546064435033019380e-01	-1.456602875044161749e+01
1.230965000000000131e+01	-1.547655335000306387e-01	-1.456163103700951034e+01
1.231320000000000192e+01	-1.549246620309765177e-01	-1.455723600899315073e+01
1.231675000000000075e+01	-1.550838316988183141e-01	-1.455284367012661839e+01
1.232030000000000136e+01	-1.552430448087731285e-01	-1.454845402386657582e+01
1.232385000000000197e+01	-1.554023034061117747e-01	-1.454406707339493821e+01
1.232740000000000080e+01	-1.555616093085821217e-01	-1.453968282162255221e+01
1.233095000000000141e+01	-1.557209641344972639e-01	-1.453530127119366533e+01
1.233450000000000202e+01	-1.558803693270904012e-01	-1.453092242449115012e+01
1.233805000000000085e+01	-1.560398261756489047e-01	-1.452654628364231648e+01
1.234160000000000146e+01	-1.561993358339036075e-01	-1.452217285052515550e+01
1.234515000000000207e+01	-1.563588993360401080e-01	-1.451780212677502746e+01
1.234870000000000090e+01	-1.565185176106646814e-01	-1.451343411379160031e+01
1.235225000000000151e+01	-1.566781914930014119e-01	-1.450906881274602256e+01
1.235580000000000211e+01	-1.568379217355586885e-01	-1.450470622458826142e+01
1.235935000000000095e+01	-1.569977090174874412e-01	-1.450034635005454220e+01
1.236290000000000155e+01	-1.571575539527811372e-01	-1.449598918967478411e+01
1.236645000000000039e+01	-1.573174570974795738e-01	-1.449163474378012673e+01
1.237000000000000099e+01	-1.574774189560206872e-01	-1.448728301251030537e+01
1.237355000000000160e+01	-1.576374399868283316e-01	-1.448293399582107810e+01
1.237710000000000221e+01	-1.577975206072417258e-01	-1.447858769349146435e+01
1.238065000000000104e+01	-1.579576611978825706e-01	-1.447424410513089832e+01
1.238420000000000165e+01	-1.581178621065112422e-01	-1.446990323018625091e+01
1.238775000000000048e+01	-1.582781236514371748e-01	-1.446556506794868469e+01
1.239130000000000109e+01	-1.584384461245708642e-01	-1.446122961756034009e+01
1.239485000000000170e+01	-1.585988297941032243e-01	-1.445689687802084578e+01
1.239840000000000231e+01	-1.587592749069036691e-01	-1.445256684819365312e+01
1.240195000000000114e+01	-1.589197816906693372e-01	-1.444823952681216106e+01
1.240550000000000175e+01	-1.590803503558058662e-01	-1.444391491248565274e+01
1.240905000000000058e+01	-1.592409810971555095e-01	-1.443959300370505616e+01
1.241260000000000119e+01	-1.594016740954835865e-01	-1.443527379884846340e+01
1.241615000000000180e+01	-1.595624295188653730e-01	-1.443095729618649514e+01
1.241970000000000063e+01	-1.597232475238897220e-01	-1.442664349388745215e+01
1.242325000000000124e+01	-1.598841282567447508e-01	-1.442233239002224998e+01
1.242680000000000184e+01	-1.600450718542135164e-01	-1.441802398256920270e+01
1.243035000000000068e+01	-1.602060784445379360e-01	-1.441371826941859879e+01
1.243390000000000128e+01	-1.603671481482152883e-01	-1.440941524837706922e+01
1.243745000000000189e+01	-1.605282810787206915e-01	-1.440511491717183290e+01
1.244100000000000072e+01	-1.606894773431204182e-01	-1.440081727345471840e+01
1.244455000000000133e+01	-1.608507370426881244e-01	-1.439652231480600975e+01
1.244810000000000194e+01	-1.610120602733925155e-01	-1.439223003873820517e+01
1.245165000000000077e+01	-1.611734471263952251e-01	-1.438794044269948458e+01
1.245520000000000138e+01	-1.613348976884498576e-01	-1.438365352407716635e+01
1.245875000000000199e+01	-1.614964120423143523e-01	-1.437936928020089766e+01
1.246230000000000082e+01	-1.616579902670847724e-01	-1.437508770834576843e+01
1.246585000000000143e+01	-1.618196324385081653e-01	-1.437080880573527253e+01
1.246940000000000204e+01	-1.619813386292819901e-01	-1.436653256954411262e+01
1.247295000000000087e+01	-1.621431089093004485e-01	-1.436225899690090557e+01
1.247650000000000148e+01	-1.623049433459068658e-01	-1.435798808489074929e+01
1.248005000000000209e+01	-1.624668420040808747e-01	-1.435371983055767586e+01
1.248360000000000092e+01	-1.626288049466623753e-01	-1.434945423090699279e+01
1.248715000000000153e+01	-1.627908322345135161e-01	-1.434519128290751055e+01
1.249070000000000036e+01	-1.629529239266774565e-01	-1.434093098349365825e+01
1.249425000000000097e+01	-1.631150800805337697e-01	-1.433667332956752638e+01
1.249780000000000157e+01	-1.632773007519228159e-01	-1.433241831800079424e+01
1.250135000000000218e+01	-1.634395859952754715e-01	-1.432816594563655954e+01
1.250490000000000101e+01	-1.636019358637151866e-01	-1.432391620929111298e+01
1.250845000000000162e+01	-1.637643504091726987e-01	-1.431966910575556362e+01
1.251200000000000045e+01	-1.639268296824588911e-01	-1.431542463179748381e+01
1.251555000000000106e+01	-1.640893737333626312e-01	-1.431118278416238354e+01
1.251910000000000167e+01	-1.642519826107247394e-01	-1.430694355957516883e+01
1.252265000000000228e+01	-1.644146563625094037e-01	-1.430270695474151132e+01
1.252620000000000111e+01	-1.645773950358591919e-01	-1.429847296634915388e+01
1.252975000000000172e+01	-1.647401986771697691e-01	-1.429424159106914338e+01
1.253330000000000055e+01	-1.649030673321181806e-01	-1.429001282555704400e+01
1.253685000000000116e+01	-1.650660010457434546e-01	-1.428578666645402251e+01
1.254040000000000177e+01	-1.652289998624652534e-01	-1.428156311038795856e+01
1.254395000000000060e+01	-1.653920638261299758e-01	-1.427734215397444473e+01
1.254750000000000121e+01	-1.655551929800597732e-01	-1.427312379381774399e+01
1.255105000000000182e+01	-1.657183873670763086e-01	-1.426890802651175072e+01
1.255460000000000065e+01	-1.658816470295298995e-01	-1.426469484864083093e+01
1.255815000000000126e+01	-1.660449720093322146e-01	-1.426048425678068554e+01
1.256170000000000186e+01	-1.662083623479854444e-01	-1.425627624749912492e+01
1.256525000000000070e+01	-1.663718180865963736e-01	-1.425207081735684156e+01
1.256880000000000130e+01	-1.665353392659073561e-01	-1.424786796290810287e+01
1.257235000000000191e+01	-1.666989259263144119e-01	-1.424366768070148481e+01
1.257590000000000074e+01	-1.668625781078748038e-01	-1.423946996728046344e+01
1.257945000000000135e+01	-1.670262958503404283e-01	-1.423527481918406501e+01
1.258300000000000196e+01	-1.671900791931569819e-01	-1.423108223294746288e+01
1.258655000000000079e+01	-1.673539281754882757e-01	-1.422689220510251218e+01
1.259010000000000140e+01	-1.675178428362214533e-01	-1.422270473217828979e+01
1.259365000000000201e+01	-1.676818232139862253e-01	-1.421851981070161486e+01
1.259720000000000084e+01	-1.678458693471591157e-01	-1.421433743719750176e+01
1.260075000000000145e+01	-1.680099812738681808e-01	-1.421015760818964146e+01
1.260430000000000206e+01	-1.681741590320146584e-01	-1.420598032020082435e+01
1.260785000000000089e+01	-1.683384026592720795e-01	-1.420180556975335229e+01
1.261140000000000150e+01	-1.685027121930908478e-01	-1.419763335336942056e+01
1.261495000000000211e+01	-1.686670876707103972e-01	-1.419346366757152467e+01
1.261850000000000094e+01	-1.688315291291570264e-01	-1.418929650888277116e+01
1.262205000000000155e+01	-1.689960366052714325e-01	-1.418513187382724361e+01
1.262560000000000215e+01	-1.691606101356702141e-01	-1.418096975893030276e+01
1.262915000000000099e+01	-1.693252497567982462e-01	-1.417681016071890632e+01
1.263270000000000159e+01	-1.694899555048990092e-01	-1.417265307572187893e+01
1.263625000000000043e+01	-1.696547274160302432e-01	-1.416849850047021242e+01
1.263980000000000103e+01	-1.698195655260689441e-01	-1.416434643149728068e+01
1.264335000000000164e+01	-1.699844698707053958e-01	-1.416019686533913102e+01
1.264690000000000225e+01	-1.701494404854541620e-01	-1.415604979853469914e+01
1.265045000000000108e+01	-1.703144774056467581e-01	-1.415190522762602221e+01
1.265400000000000169e+01	-1.704795806664508306e-01	-1.414776314915845212e+01
1.265755000000000052e+01	-1.706447503028442336e-01	-1.414362355968087748e+01
1.266110000000000113e+01	-1.708099863496416737e-01	-1.413948645574587104e+01
1.266465000000000174e+01	-1.709752888414819427e-01	-1.413535183390991001e+01
1.266820000000000235e+01	-1.711406578128376044e-01	-1.413121969073351991e+01
1.267175000000000118e+01	-1.713060932980023932e-01	-1.412709002278144155e+01
1.267530000000000179e+01	-1.714715953311038987e-01	-1.412296282662277846e+01
1.267885000000000062e+01	-1.716371639461054532e-01	-1.411883809883115681e+01
1.268240000000000123e+01	-1.718027991767913376e-01	-1.411471583598483548e+01
1.268595000000000184e+01	-1.719685010567827965e-01	-1.411059603466686241e+01
1.268950000000000067e+01	-1.721342696195355959e-01	-1.410647869146517230e+01
1.269305000000000128e+01	-1.723001048983227868e-01	-1.410236380297272163e+01
1.269660000000000188e+01	-1.724660069262618223e-01	-1.409825136578757210e+01
1.270015000000000072e+01	-1.726319757362991258e-01	-1.409414137651302745e+01
1.270370000000000132e+01	-1.727980113612009316e-01	-1.409003383175769031e+01
1.270725000000000193e+01	-1.729641138335771544e-01	-1.408592872813558650e+01
1.271080000000000076e+01	-1.731302831858594904e-01	-1.408182606226623079e+01
1.271435000000000137e+01	-1.732965194503095774e-01	-1.407772583077471751e+01
1.271790000000000198e+01	-1.734628226590205491e-01	-1.407362803029178089e+01
1.272145000000000081e+01	-1.736291928439104848e-01	-1.406953265745389814e+01
1.272500000000000142e+01	-1.737956300367310691e-01	-1.406543970890330897e+01
1.272855000000000203e+01	-1.739621342690547967e-01	-1.406134918128812750e+01
1.273210000000000086e+01	-1.741287055722829380e-01	-1.405726107126237245e+01
1.273565000000000147e+01	-1.742953439776473712e-01	-1.405317537548601159e+01
1.273920000000000208e+01	-1.744620495161968710e-01	-1.404909209062504516e+01
1.274275000000000091e+01	-1.746288222188185912e-01	-1.404501121335153435e+01
1.274630000000000152e+01	-1.747956621162058688e-01	-1.404093274034364569e+01
1.274985000000000213e+01	-1.749625692388894205e-01	-1.403685666828568657e+01
1.275340000000000096e+01	-1.751295436172207176e-01	-1.403278299386816741e+01
1.275695000000000157e+01	-1.752965852813670733e-01	-1.402871171378780701e+01
1.276050000000000040e+01	-1.754636942613282680e-01	-1.402464282474758761e+01
1.276405000000000101e+01	-1.756308705869110143e-01	-1.402057632345677263e+01
1.276760000000000161e+01	-1.757981142877575176e-01	-1.401651220663093866e+01
1.277115000000000222e+01	-1.759654253933197743e-01	-1.401245047099200214e+01
1.277470000000000105e+01	-1.761328039328694528e-01	-1.400839111326823527e+01
1.277825000000000166e+01	-1.763002499355018349e-01	-1.400433413019429629e+01
1.278180000000000049e+01	-1.764677634301239639e-01	-1.400027951851124541e+01
1.278535000000000110e+01	-1.766353444454633881e-01	-1.399622727496654306e+01
1.278890000000000171e+01	-1.768029930100674108e-01	-1.399217739631410495e+01
1.279245000000000232e+01	-1.769707091522899900e-01	-1.398812987931427720e+01
1.279600000000000115e+01	-1.771384929003087527e-01	-1.398408472073386832e+01
1.279955000000000176e+01	-1.773063442821128932e-01	-1.398004191734614210e+01
1.280310000000000059e+01	-1.774742633255032564e-01	-1.397600146593084958e+01
1.280665000000000120e+01	-1.776422500581012476e-01	-1.397196336327420951e+01
1.281020000000000181e+01	-1.778103045073340382e-01	-1.396792760616893858e+01
1.281375000000000064e+01	-1.779784267004422826e-01	-1.396389419141423360e+01
1.281730000000000125e+01	-1.781466166644872506e-01	-1.395986311581578754e+01
1.282085000000000186e+01	-1.783148744263258756e-01	-1.395583437618578948e+01
1.282440000000000069e+01	-1.784832000126434781e-01	-1.395180796934292289e+01
1.282795000000000130e+01	-1.786515934499221803e-01	-1.394778389211235137e+01
1.283150000000000190e+01	-1.788200547644615002e-01	-1.394376214132574532e+01
1.283505000000000074e+01	-1.789885839823656677e-01	-1.393974271382127128e+01
1.283860000000000134e+01	-1.791571811295572247e-01	-1.393572560644354752e+01
1.284215000000000195e+01	-1.793258462317554314e-01	-1.393171081604370443e+01
1.284570000000000078e+01	-1.794945793144920865e-01	-1.392769833947933478e+01
1.284925000000000139e+01	-1.796633804031143034e-01	-1.392368817361449373e+01
1.285280000000000200e+01	-1.798322495227688556e-01	-1.391968031531970240e+01
1.285635000000000083e+01	-1.800011866984089770e-01	-1.391567476147193894e+01
1.285990000000000144e+01	-1.801701919547993302e-01	-1.391167150895461191e+01
1.286345000000000205e+01	-1.803392653165080961e-01	-1.390767055465757807e+01
1.286700000000000088e+01	-1.805084068079177428e-01	-1.390367189547711035e+01
1.287055000000000149e+01	-1.806776164532044593e-01	-1.389967552831588904e+01
1.287410000000000210e+01	-1.808468942763536425e-01	-1.389568145008301059e+01
1.287765000000000093e+01	-1.810162403011660870e-01	-1.389168965769395570e+01
1.288120000000000154e+01	-1.811856545512350869e-01	-1.388770014807056974e+01
1.288475000000000215e+01	-1.813551370499652815e-01	-1.388371291814108410e+01
1.288830000000000098e+01	-1.815246878205666881e-01	-1.387972796484006999e+01
1.289185000000000159e+01	-1.816943068860535360e-01	-1.387574528510843130e+01
1.289540000000000219e+01	-1.818639942692435452e-01	-1.387176487589340468e+01
1.289895000000000103e+01	-1.820337499927567881e-01	-1.386778673414853102e+01
1.290250000000000163e+01	-1.822035740790224623e-01	-1.386381085683364134e+01
1.290605000000000047e+01	-1.823734665502722008e-01	-1.385983724091484959e+01
1.290960000000000107e+01	-1.825434274285408498e-01	-1.385586588336452429e+01
1.291315000000000168e+01	-1.827134567356644701e-01	-1.385189678116128320e+01
1.291670000000000229e+01	-1.828835544932924384e-01	-1.384792993128997907e+01
1.292025000000000112e+01	-1.830537207228672969e-01	-1.384396533074167479e+01
1.292380000000000173e+01	-1.832239554456437935e-01	-1.384000297651360967e+01
1.292735000000000056e+01	-1.833942586826748378e-01	-1.383604286560922780e+01
1.293090000000000117e+01	-1.835646304548186059e-01	-1.383208499503811417e+01
1.293445000000000178e+01	-1.837350707827403451e-01	-1.382812936181600705e+01
1.293800000000000239e+01	-1.839055796869073500e-01	-1.382417596296476248e+01
1.294155000000000122e+01	-1.840761571875901281e-01	-1.382022479551234539e+01
1.294510000000000183e+01	-1.842468033048633158e-01	-1.381627585649280299e+01
1.294865000000000066e+01	-1.844175180586074825e-01	-1.381232914294626113e+01
1.295220000000000127e+01	-1.845883014685053836e-01	-1.380838465191887821e+01
1.295575000000000188e+01	-1.847591535540467067e-01	-1.380444238046285577e+01
1.295930000000000248e+01	-1.849300743345211884e-01	-1.380050232563641011e+01
1.296285000000000132e+01	-1.851010638290295773e-01	-1.379656448450374029e+01
1.296640000000000192e+01	-1.852721220564695626e-01	-1.379262885413501216e+01
1.296995000000000076e+01	-1.854432490355537588e-01	-1.378869543160636191e+01
1.297350000000000136e+01	-1.856144447847917767e-01	-1.378476421399984453e+01
1.297705000000000197e+01	-1.857857093225020739e-01	-1.378083519840343030e+01
1.298060000000000080e+01	-1.859570426668069876e-01	-1.377690838191098877e+01
1.298415000000000141e+01	-1.861284448356367860e-01	-1.377298376162225324e+01
1.298770000000000202e+01	-1.862999158467265048e-01	-1.376906133464281368e+01
1.299125000000000085e+01	-1.864714557176160303e-01	-1.376514109808409714e+01
1.299480000000000146e+01	-1.866430644656590365e-01	-1.376122304906333227e+01
1.299835000000000207e+01	-1.868147421080040560e-01	-1.375730718470354574e+01
1.300190000000000090e+01	-1.869864886616152133e-01	-1.375339350213353917e+01
1.300545000000000151e+01	-1.871583041432664518e-01	-1.374948199848785535e+01
1.300900000000000034e+01	-1.873301885695324576e-01	-1.374557267090677648e+01
1.301255000000000095e+01	-1.875021419567965142e-01	-1.374166551653628154e+01
1.301610000000000156e+01	-1.876741643212566368e-01	-1.373776053252804630e+01
1.301965000000000217e+01	-1.878462556789144422e-01	-1.373385771603942018e+01
1.302320000000000100e+01	-1.880184160455821984e-01	-1.372995706423338547e+01
1.302675000000000161e+01	-1.881906454368826309e-01	-1.372605857427855902e+01
1.303030000000000044e+01	-1.883629438682472013e-01	-1.372216224334916390e+01
1.303385000000000105e+01	-1.885353113549169124e-01	-1.371826806862500447e+01
1.303740000000000165e+01	-1.887077479119470547e-01	-1.371437604729144333e+01
1.304095000000000226e+01	-1.888802535542016825e-01	-1.371048617653940127e+01
1.304450000000000109e+01	-1.890528282963551687e-01	-1.370659845356530937e+01
1.304805000000000170e+01	-1.892254721529022798e-01	-1.370271287557109652e+01
1.305160000000000053e+01	-1.893981851381354164e-01	-1.369882943976418410e+01
1.305515000000000114e+01	-1.895709672661731737e-01	-1.369494814335743627e+01
1.305870000000000175e+01	-1.897438185509435493e-01	-1.369106898356917412e+01
1.306225000000000236e+01	-1.899167390061889671e-01	-1.368719195762311891e+01
1.306580000000000119e+01	-1.900897286454640567e-01	-1.368331706274840087e+01
1.306935000000000180e+01	-1.902627874821428144e-01	-1.367944429617951840e+01
1.307290000000000063e+01	-1.904359155294095551e-01	-1.367557365515633272e+01
1.307645000000000124e+01	-1.906091128002716795e-01	-1.367170513692401990e+01
1.308000000000000185e+01	-1.907823793075478780e-01	-1.366783873873308863e+01
1.308355000000000246e+01	-1.909557150638770406e-01	-1.366397445783933406e+01
1.308710000000000129e+01	-1.911291200817123448e-01	-1.366011229150382533e+01
1.309065000000000190e+01	-1.913025943733317746e-01	-1.365625223699287183e+01
1.309420000000000073e+01	-1.914761379508277406e-01	-1.365239429157802320e+01
1.309775000000000134e+01	-1.916497508261136296e-01	-1.364853845253603026e+01
1.310130000000000194e+01	-1.918234330109208630e-01	-1.364468471714884501e+01
1.310485000000000255e+01	-1.919971845168079172e-01	-1.364083308270357264e+01
1.310840000000000138e+01	-1.921710053551501929e-01	-1.363698354649247335e+01
1.311195000000000199e+01	-1.923448955371462044e-01	-1.363313610581293389e+01
1.311550000000000082e+01	-1.925188550738183013e-01	-1.362929075796744627e+01
1.311905000000000143e+01	-1.926928839760098933e-01	-1.362544750026358642e+01
1.312260000000000204e+01	-1.928669822543921664e-01	-1.362160633001399290e+01
1.312615000000000087e+01	-1.930411499194601421e-01	-1.361776724453635978e+01
1.312970000000000148e+01	-1.932153869815348424e-01	-1.361393024115339401e+01
1.313325000000000209e+01	-1.933896934507619847e-01	-1.361009531719281185e+01
1.313680000000000092e+01	-1.935640693371141197e-01	-1.360626246998731048e+01
1.314035000000000153e+01	-1.937385146503975142e-01	-1.360243169687455733e+01
1.314390000000000214e+01	-1.939130294002372468e-01	-1.359860299519715277e+01
1.314745000000000097e+01	-1.940876135960980520e-01	-1.359477636230263009e+01
1.315100000000000158e+01	-1.942622672472682777e-01	-1.359095179554341293e+01
1.315455000000000041e+01	-1.944369903628681007e-01	-1.358712929227682764e+01
1.315810000000000102e+01	-1.946117829518511089e-01	-1.358330884986503939e+01
1.316165000000000163e+01	-1.947866450230006929e-01	-1.357949046567507168e+01
1.316520000000000223e+01	-1.949615765849376237e-01	-1.357567413707877435e+01
1.316875000000000107e+01	-1.951365776461123913e-01	-1.357185986145278811e+01
1.317230000000000167e+01	-1.953116482148118394e-01	-1.356804763617853737e+01
1.317585000000000051e+01	-1.954867882991594141e-01	-1.356423745864222496e+01
1.317940000000000111e+01	-1.956619979071149706e-01	-1.356042932623477881e+01
1.318295000000000172e+01	-1.958372770464728019e-01	-1.355662323635186617e+01
1.318650000000000233e+01	-1.960126257248705484e-01	-1.355281918639384564e+01
1.319005000000000116e+01	-1.961880439497812878e-01	-1.354901717376577253e+01
1.319360000000000177e+01	-1.963635317285155613e-01	-1.354521719587735973e+01
1.319715000000000060e+01	-1.965390890682299219e-01	-1.354141925014296710e+01
1.320070000000000121e+01	-1.967147159759204955e-01	-1.353762333398158191e+01
1.320425000000000182e+01	-1.968904124584245074e-01	-1.353382944481680283e+01
1.320780000000000243e+01	-1.970661785224225582e-01	-1.353003758007681512e+01
1.321135000000000126e+01	-1.972420141744443134e-01	-1.352624773719436391e+01
1.321490000000000187e+01	-1.974179194208566801e-01	-1.352245991360675248e+01
1.321845000000000070e+01	-1.975938942678817090e-01	-1.351867410675581915e+01
1.322200000000000131e+01	-1.977699387215766103e-01	-1.351489031408789643e+01
1.322555000000000192e+01	-1.979460527878606491e-01	-1.351110853305382520e+01
1.322910000000000252e+01	-1.981222364724901652e-01	-1.350732876110891922e+01
1.323265000000000136e+01	-1.982984897810765035e-01	-1.350355099571293493e+01
1.323620000000000196e+01	-1.984748127190840705e-01	-1.349977523433007676e+01
1.323975000000000080e+01	-1.986512052918232296e-01	-1.349600147442895981e+01
1.324330000000000140e+01	-1.988276675044622910e-01	-1.349222971348259392e+01
1.324685000000000201e+01	-1.990041993620166039e-01	-1.348845994896838008e+01
1.325040000000000084e+01	-1.991808008693641829e-01	-1.348469217836807843e+01
1.325395000000000145e+01	-1.993574720312341064e-01	-1.348092639916777102e+01
1.325750000000000206e+01	-1.995342128522112624e-01	-1.347716260885789552e+01
1.326105000000000089e+01	-1.997110233367412890e-01	-1.347340080493317416e+01
1.326460000000000150e+01	-1.998879034891256623e-01	-1.346964098489262085e+01
1.326815000000000211e+01	-2.000648533135285234e-01	-1.346588314623952343e+01
1.327170000000000094e+01	-2.002418728139709614e-01	-1.346212728648141344e+01
1.327525000000000155e+01	-2.004189619943385070e-01	-1.345837340313005903e+01
1.327880000000000038e+01	-2.005961208583765809e-01	-1.345462149370144900e+01
1.328235000000000099e+01	-2.007733494096980709e-01	-1.345087155571575011e+01
1.328590000000000160e+01	-2.009506476517786133e-01	-1.344712358669733021e+01
1.328945000000000221e+01	-2.011280155879613396e-01	-1.344337758417470496e+01
1.329300000000000104e+01	-2.013054532214511028e-01	-1.343963354568052893e+01
1.329655000000000165e+01	-2.014829605553270231e-01	-1.343589146875159201e+01
1.330010000000000048e+01	-2.016605375925340227e-01	-1.343215135092878931e+01
1.330365000000000109e+01	-2.018381843358882932e-01	-1.342841318975709797e+01
1.330720000000000169e+01	-2.020159007880756308e-01	-1.342467698278556831e+01
1.331075000000000230e+01	-2.021936869516570701e-01	-1.342094272756731854e+01
1.331430000000000113e+01	-2.023715428290622231e-01	-1.341721042165948496e+01
1.331785000000000174e+01	-2.025494684226019915e-01	-1.341348006262323089e+01
1.332140000000000057e+01	-2.027274637344546049e-01	-1.340975164802372888e+01
1.332495000000000118e+01	-2.029055287666846064e-01	-1.340602517543011984e+01
1.332850000000000179e+01	-2.030836635212258656e-01	-1.340230064241552554e+01
1.333205000000000240e+01	-2.032618679998954847e-01	-1.339857804655701301e+01
1.333560000000000123e+01	-2.034401422043878860e-01	-1.339485738543558213e+01
1.333915000000000184e+01	-2.036184861362855258e-01	-1.339113865663614611e+01
1.334270000000000067e+01	-2.037968997970451279e-01	-1.338742185774752258e+01
1.334625000000000128e+01	-2.039753831880105894e-01	-1.338370698636239986e+01
1.334980000000000189e+01	-2.041539363104118987e-01	-1.337999404007734761e+01
1.335335000000000250e+01	-2.043325591653581685e-01	-1.337628301649277063e+01
1.335690000000000133e+01	-2.045112517538555663e-01	-1.337257391321290712e+01
1.336045000000000194e+01	-2.046900140767922704e-01	-1.336886672784581265e+01
1.336400000000000077e+01	-2.048688461349455481e-01	-1.336516145800333888e+01
1.336755000000000138e+01	-2.050477479289865290e-01	-1.336145810130111045e+01
1.337110000000000198e+01	-2.052267194594754873e-01	-1.335775665535853740e+01
1.337465000000000259e+01	-2.054057607268654495e-01	-1.335405711779875304e+01
1.337820000000000142e+01	-2.055848717315044982e-01	-1.335035948624863877e+01
1.338175000000000203e+01	-2.057640524736384646e-01	-1.334666375833878504e+01
1.338530000000000086e+01	-2.059433029534051274e-01	-1.334296993170348067e+01
1.338885000000000147e+01	-2.061226231708421230e-01	-1.333927800398069685e+01
1.339240000000000208e+01	-2.063020131258888057e-01	-1.333558797281207298e+01
1.339595000000000091e+01	-2.064814728183812509e-01	-1.333189983584289706e+01
1.339950000000000152e+01	-2.066610022480545039e-01	-1.332821359072209155e+01
1.340305000000000213e+01	-2.068406014145541816e-01	-1.332452923510219556e+01
1.340660000000000096e+01	-2.070202703174235659e-01	-1.332084676663935241e+01
1.341015000000000157e+01	-2.072000089561156777e-01	-1.331716618299328481e+01
1.341370000000000218e+01	-2.073798173299802317e-01	-1.331348748182729480e+01
1.341725000000000101e+01	-2.075596954382864789e-01	-1.330981066080823538e+01
1.342080000000000162e+01	-2.077396432802102733e-01	-1.330613571760649272e+01
1.342435000000000045e+01	-2.079196608548311009e-01	-1.330246264989598082e+01
1.342790000000000106e+01	-2.080997481611429056e-01	-1.329879145535411666e+01
1.343145000000000167e+01	-2.082799051980601945e-01	-1.329512213166181667e+01
1.343500000000000227e+01	-2.084601319643990258e-01	-1.329145467650346291e+01
1.343855000000000111e+01	-2.086404284588938840e-01	-1.328778908756690313e+01
1.344210000000000171e+01	-2.088207946802085879e-01	-1.328412536254343301e+01
1.344565000000000055e+01	-2.090012306269055653e-01	-1.328046349912777302e+01
1.344920000000000115e+01	-2.091817362974804639e-01	-1.327680349501805246e+01
1.345275000000000176e+01	-2.093623116903424730e-01	-1.327314534791581124e+01
1.345630000000000237e+01	-2.095429568038260082e-01	-1.326948905552596969e+01
1.345985000000000120e+01	-2.097236716361867981e-01	-1.326583461555681609e+01
1.346340000000000181e+01	-2.099044561856059088e-01	-1.326218202571998006e+01
1.346695000000000064e+01	-2.100853104501906876e-01	-1.325853128373045209e+01
1.347050000000000125e+01	-2.102662344279727091e-01	-1.325488238730653023e+01
1.347405000000000186e+01	-2.104472281169177394e-01	-1.325123533416982369e+01
1.347760000000000247e+01	-2.106282915149128021e-01	-1.324759012204523501e+01
1.348115000000000130e+01	-2.108094246197840804e-01	-1.324394674866095301e+01
1.348470000000000191e+01	-2.109906274292858430e-01	-1.324030521174842256e+01
1.348825000000000074e+01	-2.111718999411056341e-01	-1.323666550904233574e+01
1.349180000000000135e+01	-2.113532421528718785e-01	-1.323302763828062822e+01
1.349535000000000196e+01	-2.115346540621422800e-01	-1.322939159720444557e+01
1.349890000000000256e+01	-2.117161356664165328e-01	-1.322575738355814501e+01
1.350245000000000140e+01	-2.118976869631303273e-01	-1.322212499508927941e+01
1.350600000000000200e+01	-2.120793079496653966e-01	-1.321849442954856180e+01
1.350955000000000084e+01	-2.122609986233384705e-01	-1.321486568468988487e+01
1.351310000000000144e+01	-2.124427589814152362e-01	-1.321123875827028016e+01
1.351665000000000205e+01	-2.126245890211032608e-01	-1.320761364804991089e+01
1.352020000000000088e+01	-2.128064887395571536e-01	-1.320399035179206848e+01
1.352375000000000149e+01	-2.129884581338792882e-01	-1.320036886726313519e+01
1.352730000000000210e+01	-2.131704972011180255e-01	-1.319674919223259479e+01
1.353085000000000093e+01	-2.133526059382774842e-01	-1.319313132447300774e+01
1.353440000000000154e+01	-2.135347843423086589e-01	-1.318951526175999156e+01
1.353795000000000215e+01	-2.137170324101173302e-01	-1.318590100187221736e+01
1.354150000000000098e+01	-2.138993501385591800e-01	-1.318228854259139027e+01
1.354505000000000159e+01	-2.140817375244574439e-01	-1.317867788170222276e+01
1.354860000000000220e+01	-2.142641945645822055e-01	-1.317506901699246313e+01
1.355215000000000103e+01	-2.144467212556643021e-01	-1.317146194625282440e+01
1.355570000000000164e+01	-2.146293175943952691e-01	-1.316785666727701987e+01
1.355925000000000225e+01	-2.148119835774302266e-01	-1.316425317786170979e+01
1.356280000000000108e+01	-2.149947192013849928e-01	-1.316065147580652095e+01
1.356635000000000169e+01	-2.151775244628401362e-01	-1.315705155891402001e+01
1.356990000000000052e+01	-2.153603993583426413e-01	-1.315345342498968328e+01
1.357345000000000113e+01	-2.155433438844032989e-01	-1.314985707184191277e+01
1.357700000000000173e+01	-2.157263580375092249e-01	-1.314626249728200413e+01
1.358055000000000234e+01	-2.159094418141093707e-01	-1.314266969912414140e+01
1.358410000000000117e+01	-2.160925952106299286e-01	-1.313907867518537209e+01
1.358765000000000178e+01	-2.162758182234678361e-01	-1.313548942328560898e+01
1.359120000000000061e+01	-2.164591108489944127e-01	-1.313190194124760879e+01
1.359475000000000122e+01	-2.166424730835584955e-01	-1.312831622689695443e+01
1.359830000000000183e+01	-2.168259049234842750e-01	-1.312473227806205855e+01
1.360185000000000244e+01	-2.170094063650715721e-01	-1.312115009257412801e+01
1.360540000000000127e+01	-2.171929774046094386e-01	-1.311756966826717097e+01
1.360895000000000188e+01	-2.173766180383643609e-01	-1.311399100297796849e+01
1.361250000000000071e+01	-2.175603282625822588e-01	-1.311041409454607631e+01
1.361605000000000132e+01	-2.177441080734993373e-01	-1.310683894081379641e+01
1.361960000000000193e+01	-2.179279574673352315e-01	-1.310326553962616991e+01
1.362315000000000254e+01	-2.181118764402957821e-01	-1.309969388883098063e+01
1.362670000000000137e+01	-2.182958649885821945e-01	-1.309612398627871421e+01
1.363025000000000198e+01	-2.184799231083769944e-01	-1.309255582982256172e+01
1.363380000000000081e+01	-2.186640507958648727e-01	-1.308898941731840893e+01
1.363735000000000142e+01	-2.188482480472158653e-01	-1.308542474662481325e+01
1.364090000000000202e+01	-2.190325148586001747e-01	-1.308186181560300376e+01
1.364445000000000263e+01	-2.192168512261841729e-01	-1.307830062211685629e+01
1.364800000000000146e+01	-2.194012571461285976e-01	-1.307474116403289521e+01
1.365155000000000207e+01	-2.195857326145981281e-01	-1.307118343922025971e+01
1.365510000000000090e+01	-2.197702776277548620e-01	-1.306762744555071620e+01
1.365865000000000151e+01	-2.199548921817697233e-01	-1.306407318089862812e+01
1.366220000000000212e+01	-2.201395762728100558e-01	-1.306052064314095063e+01
1.366575000000000095e+01	-2.203243298970561370e-01	-1.305696983015722523e+01
1.366930000000000156e+01	-2.205091530506864406e-01	-1.305342073982954432e+01
1.367285000000000217e+01	-2.206940457299004232e-01	-1.304987337004257064e+01
1.367640000000000100e+01	-2.208790079308936838e-01	-1.304632771868350005e+01
1.367995000000000161e+01	-2.210640396498877447e-01	-1.304278378364206148e+01
1.368350000000000222e+01	-2.212491408831072648e-01	-1.303924156281050273e+01
1.368705000000000105e+01	-2.214343116267929179e-01	-1.303570105408357449e+01
1.369060000000000166e+01	-2.216195518772092754e-01	-1.303216225535853212e+01
1.369415000000000049e+01	-2.218048616306289855e-01	-1.302862516453510189e+01
1.369770000000000110e+01	-2.219902408833496210e-01	-1.302508977951548630e+01
1.370125000000000171e+01	-2.221756896316867680e-01	-1.302155609820434989e+01
1.370480000000000231e+01	-2.223612078719847673e-01	-1.301802411850879970e+01
1.370835000000000115e+01	-2.225467956006080550e-01	-1.301449383833838169e+01
1.371190000000000175e+01	-2.227324528139399407e-01	-1.301096525560506478e+01
1.371545000000000059e+01	-2.229181795084035911e-01	-1.300743836822323374e+01
1.371900000000000119e+01	-2.231039756804420737e-01	-1.300391317410966963e+01
1.372255000000000180e+01	-2.232898413265302917e-01	-1.300038967118354805e+01
1.372610000000000241e+01	-2.234757764431750948e-01	-1.299686785736642314e+01
1.372965000000000124e+01	-2.236617810269219964e-01	-1.299334773058221160e+01
1.373320000000000185e+01	-2.238478550743424611e-01	-1.298982928875719089e+01
1.373675000000000068e+01	-2.240339985820516966e-01	-1.298631252981998152e+01
1.374030000000000129e+01	-2.242202115467017698e-01	-1.298279745170152921e+01
1.374385000000000190e+01	-2.244064939649785539e-01	-1.297928405233511739e+01
1.374740000000000251e+01	-2.245928458336146072e-01	-1.297577232965632987e+01
1.375095000000000134e+01	-2.247792671493842320e-01	-1.297226228160305084e+01
1.375450000000000195e+01	-2.249657579091085824e-01	-1.296875390611545775e+01
1.375805000000000078e+01	-2.251523181096504733e-01	-1.296524720113600182e+01
1.376160000000000139e+01	-2.253389477479205150e-01	-1.296174216460940265e+01
1.376515000000000200e+01	-2.255256468208809151e-01	-1.295823879448263050e+01
1.376870000000000260e+01	-2.257124153255446464e-01	-1.295473708870491336e+01
1.377225000000000144e+01	-2.258992532589743640e-01	-1.295123704522770680e+01
1.377580000000000204e+01	-2.260861606182874850e-01	-1.294773866200467793e+01
1.377935000000000088e+01	-2.262731374006579088e-01	-1.294424193699172676e+01
1.378290000000000148e+01	-2.264601836033162952e-01	-1.294074686814693997e+01
1.378645000000000209e+01	-2.266472992235529504e-01	-1.293725345343060695e+01
1.379000000000000092e+01	-2.268344842587138588e-01	-1.293376169080518778e+01
1.379355000000000153e+01	-2.270217387062135050e-01	-1.293027157823531681e+01
1.379710000000000214e+01	-2.272090625635201366e-01	-1.292678311368778665e+01
1.380065000000000097e+01	-2.273964558281785231e-01	-1.292329629513155176e+01
1.380420000000000158e+01	-2.275839184977949681e-01	-1.291981112053767866e+01
1.380775000000000219e+01	-2.277714505700405012e-01	-1.291632758787938684e+01
1.381130000000000102e+01	-2.279590520426595934e-01	-1.291284569513200253e+01
1.381485000000000163e+01	-2.281467229134694075e-01	-1.290936544027295696e+01
1.381840000000000224e+01	-2.283344631803565505e-01	-1.290588682128178633e+01
1.382195000000000107e+01	-2.285222728412852622e-01	-1.290240983614011405e+01
1.382550000000000168e+01	-2.287101518942932787e-01	-1.289893448283162947e+01
1.382905000000000229e+01	-2.288981003374979117e-01	-1.289546075934210023e+01
1.383260000000000112e+01	-2.290861181690950210e-01	-1.289198866365935103e+01
1.383615000000000173e+01	-2.292742053873647601e-01	-1.288851819377323693e+01
1.383970000000000056e+01	-2.294623619906671352e-01	-1.288504934767566823e+01
1.384325000000000117e+01	-2.296505879774454195e-01	-1.288158212336057495e+01
1.384680000000000177e+01	-2.298388833462264857e-01	-1.287811651882390152e+01
1.385035000000000238e+01	-2.300272480956346288e-01	-1.287465253206360316e+01
1.385390000000000121e+01	-2.302156822243747181e-01	-1.287119016107962821e+01
1.385745000000000182e+01	-2.304041857312429387e-01	-1.286772940387391273e+01
1.386100000000000065e+01	-2.305927586151321207e-01	-1.286427025845037697e+01
1.386455000000000126e+01	-2.307814008750244950e-01	-1.286081272281489341e+01
1.386810000000000187e+01	-2.309701125100017127e-01	-1.285735679497531336e+01
1.387165000000000248e+01	-2.311588935192418759e-01	-1.285390247294141375e+01
1.387520000000000131e+01	-2.313477439020205917e-01	-1.285044975472493078e+01
1.387875000000000192e+01	-2.315366636577148585e-01	-1.284699863833951383e+01
1.388230000000000075e+01	-2.317256527858041482e-01	-1.284354912180074137e+01
1.388585000000000136e+01	-2.319147112858703508e-01	-1.284010120312609615e+01
1.388940000000000197e+01	-2.321038391576007998e-01	-1.283665488033496516e+01
1.389295000000000258e+01	-2.322930364007961268e-01	-1.283321015144862898e+01
1.389650000000000141e+01	-2.324823030153536085e-01	-1.282976701449024581e+01
1.390005000000000202e+01	-2.326716390012927294e-01	-1.282632546748484437e+01
1.390360000000000085e+01	-2.328610443587424972e-01	-1.282288550845932562e+01
1.390715000000000146e+01	-2.330505190879382516e-01	-1.281944713544243086e+01
1.391070000000000206e+01	-2.332400631892378728e-01	-1.281601034646475767e+01
1.391425000000000267e+01	-2.334296766631115128e-01	-1.281257513955873684e+01
1.391780000000000150e+01	-2.336193595101556941e-01	-1.280914151275862523e+01
1.392135000000000211e+01	-2.338091117310784894e-01	-1.280570946410049693e+01
1.392490000000000094e+01	-2.339989333267122329e-01	-1.280227899162222904e+01
1.392845000000000155e+01	-2.341888242980166568e-01	-1.279885009336350699e+01
1.393200000000000216e+01	-2.343787846460719804e-01	-1.279542276736580320e+01
1.393555000000000099e+01	-2.345688143720907060e-01	-1.279199701167236647e+01
1.393910000000000160e+01	-2.347589134774047681e-01	-1.278857282432822728e+01
1.394265000000000221e+01	-2.349490819634894867e-01	-1.278515020338017827e+01
1.394620000000000104e+01	-2.351393198319345901e-01	-1.278172914687675998e+01
1.394975000000000165e+01	-2.353296270844801308e-01	-1.277830965286826270e+01
1.395330000000000226e+01	-2.355200037229945309e-01	-1.277489171940671575e+01
1.395685000000000109e+01	-2.357104497494786344e-01	-1.277147534454588218e+01
1.396040000000000170e+01	-2.359009651660757267e-01	-1.276806052634123390e+01
1.396395000000000053e+01	-2.360915499750733670e-01	-1.276464726284996409e+01
1.396750000000000114e+01	-2.362822041788935623e-01	-1.276123555213096239e+01
1.397105000000000175e+01	-2.364729277801047025e-01	-1.275782539224481660e+01
1.397460000000000235e+01	-2.366637207814234201e-01	-1.275441678125379852e+01
1.397815000000000119e+01	-2.368545831857049866e-01	-1.275100971722186394e+01
1.398170000000000179e+01	-2.370455149959628527e-01	-1.274760419821462598e+01
1.398525000000000063e+01	-2.372365162153529383e-01	-1.274420022229936578e+01
1.398880000000000123e+01	-2.374275868471865669e-01	-1.274079778754502001e+01
1.399235000000000184e+01	-2.376187268949283837e-01	-1.273739689202215963e+01
1.399590000000000245e+01	-2.378099363621954954e-01	-1.273399753380300048e+01
1.399945000000000128e+01	-2.380012152527643532e-01	-1.273059971096138909e+01
1.400300000000000189e+01	-2.381925635705707811e-01	-1.272720342157277429e+01
1.400655000000000072e+01	-2.383839813197041746e-01	-1.272380866371423380e+01
1.401010000000000133e+01	-2.385754685044241263e-01	-1.272041543546443343e+01
1.401365000000000194e+01	-2.387670251291476864e-01	-1.271702373490365368e+01
1.401720000000000255e+01	-2.389586511984594097e-01	-1.271363356011374535e+01
1.402075000000000138e+01	-2.391503467171121611e-01	-1.271024490917814376e+01
1.402430000000000199e+01	-2.393421116900212864e-01	-1.270685778018185275e+01
1.402785000000000082e+01	-2.395339461222805166e-01	-1.270347217121144290e+01
1.403140000000000143e+01	-2.397258500191480346e-01	-1.270008808035504089e+01
1.403495000000000203e+01	-2.399178233860554399e-01	-1.269670550570231704e+01
1.403850000000000264e+01	-2.401098662286197116e-01	-1.269332444534448356e+01
1.404205000000000148e+01	-2.403019785526204211e-01	-1.268994489737428388e+01
1.404560000000000208e+01	-2.404941603640234626e-01	-1.268656685988598554e+01
1.404915000000000092e+01	-2.406864116689722277e-01	-1.268319033097537307e+01
1.405270000000000152e+01	-2.408787324737985125e-01	-1.267981530873973739e+01
1.405625000000000213e+01	-2.410711227850086957e-01	-1.267644179127787396e+01
1.405980000000000096e+01	-2.412635826092954794e-01	-1.267306977669006685e+01
1.406335000000000157e+01	-2.414561119535451605e-01	-1.266969926307809047e+01
1.406690000000000218e+01	-2.416487108248234483e-01	-1.266633024854519896e+01
1.407045000000000101e+01	-2.418413792303926169e-01	-1.266296273119611193e+01
1.407400000000000162e+01	-2.420341171777073697e-01	-1.265959670913701274e+01
1.407755000000000223e+01	-2.422269246744079563e-01	-1.265623218047555021e+01
1.408110000000000106e+01	-2.424198017283381301e-01	-1.265286914332081025e+01
1.408465000000000167e+01	-2.426127483475351565e-01	-1.264950759578332296e+01
1.408820000000000228e+01	-2.428057645402338649e-01	-1.264614753597505903e+01
1.409175000000000111e+01	-2.429988503148725609e-01	-1.264278896200940316e+01
1.409530000000000172e+01	-2.431920056800862262e-01	-1.263943187200117713e+01
1.409885000000000232e+01	-2.433852306447182312e-01	-1.263607626406659890e+01
1.410240000000000116e+01	-2.435785252178166438e-01	-1.263272213632330043e+01
1.410595000000000176e+01	-2.437718894086330357e-01	-1.262936948689030459e+01
1.410950000000000060e+01	-2.439653232266316696e-01	-1.262601831388803930e+01
1.411305000000000121e+01	-2.441588266814802288e-01	-1.262266861543830032e+01
1.411660000000000181e+01	-2.443523997830681915e-01	-1.261932038966426362e+01
1.412015000000000242e+01	-2.445460425414944794e-01	-1.261597363469048716e+01
1.412370000000000125e+01	-2.447397549670678463e-01	-1.261262834864287896e+01
1.412725000000000186e+01	-2.449335370703185077e-01	-1.260928452964870772e+01
1.413080000000000069e+01	-2.451273888619984187e-01	-1.260594217583658860e+01
1.413435000000000130e+01	-2.453213103530751393e-01	-1.260260128533647972e+01
1.413790000000000191e+01	-2.455153015547399398e-01	-1.259926185627968209e+01
1.414145000000000252e+01	-2.457093624784068286e-01	-1.259592388679881481e+01
1.414500000000000135e+01	-2.459034931357184095e-01	-1.259258737502782566e+01
1.414855000000000196e+01	-2.460976935385381092e-01	-1.258925231910197517e+01
1.415210000000000079e+01	-2.462919636989639727e-01	-1.258591871715783128e+01
1.415565000000000140e+01	-2.464863036293218346e-01	-1.258258656733326752e+01
1.415920000000000201e+01	-2.466807133421693166e-01	-1.257925586776744709e+01
1.416275000000000261e+01	-2.468751928502977422e-01	-1.257592661660083166e+01
1.416630000000000145e+01	-2.470697421667382154e-01	-1.257259881197515838e+01
1.416985000000000205e+01	-2.472643613047507127e-01	-1.256927245203343269e+01
1.417340000000000089e+01	-2.474590502778419021e-01	-1.256594753491994787e+01
1.417695000000000149e+01	-2.476538090997533748e-01	-1.256262405878024246e+01
1.418050000000000210e+01	-2.478486377844685284e-01	-1.255930202176112331e+01
1.418405000000000271e+01	-2.480435363462225595e-01	-1.255598142201063894e+01
1.418760000000000154e+01	-2.482385047994856153e-01	-1.255266225767808663e+01
1.419115000000000215e+01	-2.484335431589806964e-01	-1.254934452691400182e+01
1.419470000000000098e+01	-2.486286514396796321e-01	-1.254602822787014915e+01
1.419825000000000159e+01	-2.488238296568052732e-01	-1.254271335869951542e+01
1.420180000000000220e+01	-2.490190778258293269e-01	-1.253939991755631134e+01
1.420535000000000103e+01	-2.492143959624795457e-01	-1.253608790259596084e+01
1.420890000000000164e+01	-2.494097840827384782e-01	-1.253277731197508338e+01
1.421245000000000225e+01	-2.496052422028458562e-01	-1.252946814385151697e+01
1.421600000000000108e+01	-2.498007703393032575e-01	-1.252616039638427559e+01
1.421955000000000169e+01	-2.499963685088663623e-01	-1.252285406773357579e+01
1.422310000000000230e+01	-2.501920367285598856e-01	-1.251954915606081009e+01
1.422665000000000113e+01	-2.503877750156675019e-01	-1.251624565952854340e+01
1.423020000000000174e+01	-2.505835833877420593e-01	-1.251294357630052190e+01
1.423375000000000057e+01	-2.507794618626004723e-01	-1.250964290454164640e+01
1.423730000000000118e+01	-2.509754104583317713e-01	-1.250634364241798124e+01
1.424085000000000178e+01	-2.511714291932910514e-01	-1.250304578809673828e+01
1.424440000000000239e+01	-2.513675180861106861e-01	-1.249974933974628755e+01
1.424795000000000122e+01	-2.515636771556951090e-01	-1.249645429553612885e+01
1.425150000000000183e+01	-2.517599064212219795e-01	-1.249316065363690242e+01
1.425505000000000067e+01	-2.519562059021481781e-01	-1.248986841222038180e+01
1.425860000000000127e+01	-2.521525756182127487e-01	-1.248657756945945430e+01
1.426215000000000188e+01	-2.523490155894270726e-01	-1.248328812352813699e+01
1.426570000000000249e+01	-2.525455258360927990e-01	-1.248000007260155542e+01
1.426925000000000132e+01	-2.527421063787908539e-01	-1.247671341485594354e+01
1.427280000000000193e+01	-2.529387572383914318e-01	-1.247342814846863490e+01
1.427635000000000076e+01	-2.531354784360490551e-01	-1.247014427161806083e+01
1.427990000000000137e+01	-2.533322699932077371e-01	-1.246686178248373800e+01
1.428345000000000198e+01	-2.535291319316027581e-01	-1.246358067924628266e+01
1.428700000000000259e+01	-2.537260642732598881e-01	-1.246030096008737686e+01
1.429055000000000142e+01	-2.539230670405011603e-01	-1.245702262318978626e+01
1.429410000000000203e+01	-2.541201402559442601e-01	-1.245374566673733696e+01
1.429765000000000086e+01	-2.543172839425022480e-01	-1.245047008891493334e+01
1.430120000000000147e+01	-2.545144981233856685e-01	-1.244719588790852249e+01
1.430475000000000207e+01	-2.547117828221115987e-01	-1.244392306190511377e+01
1.430830000000000268e+01	-2.549091380624937120e-01	-1.244065160909276280e+01
1.431185000000000151e+01	-2.551065638686492165e-01	-1.243738152766057148e+01
1.431540000000000212e+01	-2.553040602650089030e-01	-1.243411281579867023e+01
1.431895000000000095e+01	-2.555016272763022123e-01	-1.243084547169824106e+01
1.432250000000000156e+01	-2.556992649275662832e-01	-1.242757949355146962e+01
1.432605000000000217e+01	-2.558969732441557787e-01	-1.242431487955158609e+01
1.432960000000000278e+01	-2.560947522517371677e-01	-1.242105162789281536e+01
1.433315000000000161e+01	-2.562926019762856167e-01	-1.241778973677042686e+01
1.433670000000000222e+01	-2.564905224440920950e-01	-1.241452920438065810e+01
1.434025000000000105e+01	-2.566885136817693147e-01	-1.241127002892078401e+01
1.434380000000000166e+01	-2.568865757162446806e-01	-1.240801220858905651e+01
1.434735000000000227e+01	-2.570847085747717253e-01	-1.240475574158472938e+01
1.435090000000000110e+01	-2.572829122849163985e-01	-1.240150062610804937e+01
1.435445000000000171e+01	-2.574811868745770504e-01	-1.239824686036022783e+01
1.435800000000000232e+01	-2.576795323719734965e-01	-1.239499444254347083e+01
1.436155000000000115e+01	-2.578779488056528457e-01	-1.239174337086095434e+01
1.436510000000000176e+01	-2.580764362044938864e-01	-1.238849364351682780e+01
1.436865000000000236e+01	-2.582749945977025896e-01	-1.238524525871619097e+01
1.437220000000000120e+01	-2.584736240148129971e-01	-1.238199821466511530e+01
1.437575000000000180e+01	-2.586723244857059845e-01	-1.237875250957062789e+01
1.437930000000000064e+01	-2.588710960405817829e-01	-1.237550814164070445e+01
1.438285000000000124e+01	-2.590699387099895112e-01	-1.237226510908426036e+01
1.438640000000000185e+01	-2.592688525248096898e-01	-1.236902341011115070e+01
1.438995000000000246e+01	-2.594678375162648432e-01	-1.236578304293218800e+01
1.439350000000000129e+01	-2.596668937159217205e-01	-1.236254400575909429e+01
1.439705000000000190e+01	-2.598660211556902966e-01	-1.235930629680453308e+01
1.440060000000000073e+01	-2.600652198678209404e-01	-1.235606991428207913e+01
1.440415000000000134e+01	-2.602644898849202360e-01	-1.235283485640623802e+01
1.440770000000000195e+01	-2.604638312399271682e-01	-1.234960112139242661e+01
1.441125000000000256e+01	-2.606632439661469292e-01	-1.234636870745697124e+01
1.441480000000000139e+01	-2.608627280972323215e-01	-1.234313761281710242e+01
1.441835000000000200e+01	-2.610622836671815383e-01	-1.233990783569095484e+01
1.442190000000000083e+01	-2.612619107103550942e-01	-1.233667937429756734e+01
1.442545000000000144e+01	-2.614616092614702181e-01	-1.233345222685685627e+01
1.442900000000000205e+01	-2.616613793556004652e-01	-1.233022639158964040e+01
1.443255000000000265e+01	-2.618612210281781594e-01	-1.232700186671762133e+01
1.443610000000000149e+01	-2.620611343149960581e-01	-1.232377865046338172e+01
1.443965000000000209e+01	-2.622611192522146806e-01	-1.232055674105037291e+01
1.444320000000000093e+01	-2.624611758763532032e-01	-1.231733613670293259e+01
1.444675000000000153e+01	-2.626613042243043372e-01	-1.231411683564625825e+01
1.445030000000000214e+01	-2.628615043333218937e-01	-1.231089883610641245e+01
1.445385000000000275e+01	-2.630617762410350502e-01	-1.230768213631032104e+01
1.445740000000000158e+01	-2.632621199854391358e-01	-1.230446673448577144e+01
1.446095000000000219e+01	-2.634625356049041245e-01	-1.230125262886139126e+01
1.446450000000000102e+01	-2.636630231381749123e-01	-1.229803981766666965e+01
1.446805000000000163e+01	-2.638635826243724281e-01	-1.229482829913193420e+01
1.447160000000000224e+01	-2.640642141029954093e-01	-1.229161807148835983e+01
1.447515000000000107e+01	-2.642649176139197920e-01	-1.228840913296795279e+01
1.447870000000000168e+01	-2.644656931974083136e-01	-1.228520148180355420e+01
1.448225000000000229e+01	-2.646665408940978570e-01	-1.228199511622883477e+01
1.448580000000000112e+01	-2.648674607450126062e-01	-1.227879003447830186e+01
1.448935000000000173e+01	-2.650684527915656563e-01	-1.227558623478726929e+01
1.449290000000000234e+01	-2.652695170755552945e-01	-1.227238371539188222e+01
1.449645000000000117e+01	-2.654706536391672200e-01	-1.226918247452909405e+01
1.450000000000000178e+01	-2.656718625249792631e-01	-1.226598251043667531e+01
