Frequency	S11(dB)	S21(dB)
1.095000000000000107e+01	-3.957623865288456566e-05	-6.882322784394909831e+01
1.097905000000000086e+01	-1.300765449754803175e-04	-6.855218004148447619e+01
1.100810000000000066e+01	-2.084181138419094600e-04	-6.827678797178707271e+01
1.103715000000000046e+01	-2.755035898559995153e-04	-6.799684206493138561e+01
1.106620000000000026e+01	-3.321841214656883270e-04	-6.771211768868461434e+01
1.109525000000000183e+01	-3.792620188544252929e-04	-6.742237368649364271e+01
1.112430000000000163e+01	-4.174932605751084289e-04	-6.712735073044109413e+01
1.115335000000000143e+01	-4.475898919817998642e-04	-6.682676946058451506e+01
1.118240000000000123e+01	-4.702222921897623604e-04	-6.652032837674080668e+01
1.121145000000000103e+01	-4.860213347289738146e-04	-6.620770144236021792e+01
1.124050000000000082e+01	-4.955804371144302859e-04	-6.588853535218824220e+01
1.126955000000000062e+01	-4.994575150539166432e-04	-6.556244640570960769e+01
1.129860000000000042e+01	-4.981768430724200581e-04	-6.522901691629942889e+01
1.132765000000000022e+01	-4.922308066723061776e-04	-6.488779107106344668e+01
1.135670000000000179e+01	-4.820815986938638341e-04	-6.453827013756740882e+01
1.138575000000000159e+01	-4.681628131627126152e-04	-6.417990689003414673e+01
1.141480000000000139e+01	-4.508810012545080349e-04	-6.381209909760654853e+01
1.144385000000000119e+01	-4.306171056028112727e-04	-6.343418187893007598e+01
1.147290000000000099e+01	-4.077278947982885594e-04	-6.304541867794590360e+01
1.150195000000000078e+01	-3.825473179052345891e-04	-6.264499055160886343e+01
1.153100000000000058e+01	-3.553878038323537384e-04	-6.223198337622476117e+01
1.156005000000000038e+01	-3.265415604329752718e-04	-6.180537246781067040e+01
1.158910000000000018e+01	-2.962818415471822728e-04	-6.136400396318441608e+01
1.161815000000000175e+01	-2.648642176418828319e-04	-6.090657210755495043e+01
1.164720000000000155e+01	-2.325278675518215651e-04	-6.043159131944780427e+01
1.167625000000000135e+01	-1.994969624664684102e-04	-5.993736152299852193e+01
1.170530000000000115e+01	-1.659821480426441811e-04	-5.942192470263772464e+01
1.173435000000000095e+01	-1.321822380128299880e-04	-5.888300987196079461e+01
1.176340000000000074e+01	-9.828625225841002976e-05	-5.831796254156228088e+01
1.179245000000000054e+01	-6.447597486392928220e-05	-5.772365313505802931e+01
1.182150000000000034e+01	-3.092938383271624987e-05	-5.709635633657328668e+01
1.185055000000000014e+01	-9.643274665532871356e-16	-5.643158955006484234e+01
1.187960000000000171e+01	0.000000000000000000e+00	-5.572389263590068254e+01
1.190865000000000151e+01	0.000000000000000000e+00	-5.496652130153596261e+01
1.193770000000000131e+01	-9.643274665532871356e-16	-5.415101006898488123e+01
1.196675000000000111e+01	0.000000000000000000e+00	-5.326653203611878951e+01
1.199580000000000091e+01	-9.643274665532871356e-16	-5.229893036358057401e+01
1.202485000000000070e+01	0.000000000000000000e+00	-5.122919623564541780e+01
1.205390000000000050e+01	0.000000000000000000e+00	-5.003096410879980027e+01
1.208295000000000030e+01	0.000000000000000000e+00	-4.866614818124126174e+01
1.211200000000000188e+01	0.000000000000000000e+00	-4.707677036864063069e+01
1.214105000000000167e+01	0.000000000000000000e+00	-4.516812509613443893e+01
1.217010000000000147e+01	0.000000000000000000e+00	-4.276919416648200922e+01
1.219915000000000127e+01	-7.438534838851789093e-05	-3.951912639330910082e+01
1.222820000000000107e+01	-1.114792959925119944e-03	-3.440768627615349118e+01
1.225725000000000087e+01	-3.378599877863445317e-02	-2.110734007312500182e+01
1.228630000000000067e+01	-5.186667782229053940e-03	-2.924292151600950973e+01
1.231535000000000046e+01	-6.374734905889005042e-04	-3.669780669085518099e+01
1.234440000000000026e+01	-1.434961367626943934e-05	-4.060285848593907332e+01
1.237345000000000184e+01	0.000000000000000000e+00	-4.328199334883319693e+01
1.240250000000000163e+01	1.928654933106573877e-15	-4.532910642991442529e+01
1.243155000000000143e+01	-9.643274665532871356e-16	-4.697100458934592382e+01
1.246060000000000123e+01	0.000000000000000000e+00	-4.832726921401524578e+01
1.248965000000000103e+01	0.000000000000000000e+00	-4.947572136155226019e+01
1.251870000000000083e+01	0.000000000000000000e+00	-5.046874304497457331e+01
1.254775000000000063e+01	-9.643274665532871356e-16	-5.134184560736683522e+01
1.257680000000000042e+01	0.000000000000000000e+00	-5.211969727031512178e+01
1.260585000000000022e+01	0.000000000000000000e+00	-5.282000210357129788e+01
1.263490000000000180e+01	0.000000000000000000e+00	-5.345587904664402856e+01
1.266395000000000159e+01	-9.643274665532871356e-16	-5.403732665001118818e+01
1.269300000000000139e+01	0.000000000000000000e+00	-5.457214920117191070e+01
1.272205000000000119e+01	0.000000000000000000e+00	-5.506656193200358018e+01
1.275110000000000099e+01	0.000000000000000000e+00	-5.552559956100367344e+01
1.278015000000000079e+01	0.000000000000000000e+00	-5.595340034204828328e+01
1.280920000000000059e+01	0.000000000000000000e+00	-5.635340876989162240e+01
1.283825000000000038e+01	0.000000000000000000e+00	-5.672852357116160249e+01
1.286730000000000018e+01	0.000000000000000000e+00	-5.708120792362577589e+01
1.289635000000000176e+01	1.928654933106573877e-15	-5.741357299321167318e+01
1.292540000000000155e+01	0.000000000000000000e+00	-5.772744223438692757e+01
1.295445000000000135e+01	-9.643274665532871356e-16	-5.802440156874684618e+01
1.298350000000000115e+01	0.000000000000000000e+00	-5.830583902813888386e+01
1.301255000000000095e+01	0.000000000000000000e+00	-5.857297642318749098e+01
1.304160000000000075e+01	0.000000000000000000e+00	-5.882689489689812490e+01
1.307065000000000055e+01	0.000000000000000000e+00	-5.906855573312402896e+01
1.309970000000000034e+01	0.000000000000000000e+00	-5.929881744342008432e+01
1.312875000000000014e+01	0.000000000000000000e+00	-5.951844990610321418e+01
1.315780000000000172e+01	0.000000000000000000e+00	-5.972814614912582698e+01
1.318684999999999974e+01	0.000000000000000000e+00	-5.992853223404890173e+01
1.321590000000000131e+01	0.000000000000000000e+00	-6.012017559773467923e+01
1.324495000000000111e+01	-1.928654933106574271e-15	-6.030359213247904648e+01
1.327400000000000091e+01	0.000000000000000000e+00	-6.047925222712844828e+01
1.330305000000000071e+01	-9.643274665532871356e-16	-6.064758594736670716e+01
1.333210000000000051e+01	-1.928654933106574271e-15	-6.080898749853466967e+01
1.336115000000000030e+01	-9.643274665532871356e-16	-6.096381908701361851e+01
1.339020000000000010e+01	0.000000000000000000e+00	-6.111241427526832126e+01
1.341925000000000168e+01	0.000000000000000000e+00	-6.125508090800180838e+01
1.344829999999999970e+01	0.000000000000000000e+00	-6.139210367387930489e+01
1.347735000000000127e+01	0.000000000000000000e+00	-6.152374635583481677e+01
1.350640000000000107e+01	0.000000000000000000e+00	-6.165025381448413100e+01
1.353545000000000087e+01	0.000000000000000000e+00	-6.177185374165735254e+01
1.356450000000000067e+01	0.000000000000000000e+00	-6.188875821539829758e+01
1.359355000000000047e+01	-9.643274665532871356e-16	-6.200116508282078343e+01
1.362260000000000026e+01	0.000000000000000000e+00	-6.210925919311747379e+01
1.365165000000000006e+01	0.000000000000000000e+00	-6.221321349992408756e+01
1.368070000000000164e+01	0.000000000000000000e+00	-6.231319004920712246e+01
1.370974999999999966e+01	0.000000000000000000e+00	-6.240934086670125680e+01
1.373880000000000123e+01	-9.643274665532871356e-16	-6.250180875689150639e+01
1.376785000000000103e+01	0.000000000000000000e+00	-6.259072802392921631e+01
1.379690000000000083e+01	-9.643274665532871356e-16	-6.267622512343212549e+01
1.382595000000000063e+01	0.000000000000000000e+00	-6.275841925298828983e+01
1.385500000000000043e+01	-2.512384111244318116e-07	-6.283742288813940036e+01
1.388405000000000022e+01	-2.107647056622286187e-05	-6.291334226976857025e+01
1.391310000000000002e+01	-4.188580730170218249e-05	-6.298627784809497854e+01
1.394215000000000160e+01	-6.265751888560415473e-05	-6.305632468780434152e+01
1.397119999999999962e+01	-8.337049565334589114e-05	-6.312357283833961219e+01
1.400025000000000119e+01	-1.040042483191011780e-04	-6.318810767287156693e+01
1.402930000000000099e+01	-1.245389078488463841e-04	-6.325001019907440281e+01
1.405835000000000079e+01	-1.449552248410092520e-04	-6.330935734446513408e+01
1.408740000000000059e+01	-1.652345687637559249e-04	-6.336622221876149297e+01
1.411645000000000039e+01	-1.853589247112865702e-04	-6.342067435543927445e+01
1.414550000000000018e+01	-2.053108940071195795e-04	-6.347277993442516930e+01
1.417454999999999998e+01	-2.250736879317477047e-04	-6.352260198767610433e+01
1.420360000000000156e+01	-2.446311271969515760e-04	-6.357020058916436511e+01
1.423264999999999958e+01	-2.639676352059048994e-04	-6.361563303069480213e+01
1.426170000000000115e+01	-2.830682389085555713e-04	-6.365895398477135814e+01
1.429075000000000095e+01	-3.019185574289598483e-04	-6.370021565564611876e+01
1.431980000000000075e+01	-3.205048022079314777e-04	-6.373946791956727509e+01
1.434885000000000055e+01	-3.388137720885347993e-04	-6.377675845509887864e+01
1.437790000000000035e+01	-3.568328406383014430e-04	-6.381213286439933086e+01
1.440695000000000014e+01	-3.745499600679944052e-04	-6.384563478613274867e+01
1.443599999999999994e+01	-3.919536476209346419e-04	-6.387730600070950970e+01
1.446505000000000152e+01	-4.090329797445145044e-04	-6.390718652851820281e+01
1.449409999999999954e+01	-4.257775901025876841e-04	-6.393531472160550067e+01
1.452315000000000111e+01	-4.421776558319023267e-04	-6.396172734937237436e+01
1.455220000000000091e+01	-4.582238950341503713e-04	-6.398645967875381757e+01
1.458125000000000071e+01	-4.739075577331316796e-04	-6.400954554925542084e+01
1.461030000000000051e+01	-4.892204168074760747e-04	-6.403101744326211531e+01
1.463935000000000031e+01	-5.041547607823531696e-04	-6.405090655195171223e+01
1.466840000000000011e+01	-5.187033888591857612e-04	-6.406924283713891555e+01
1.469744999999999990e+01	-5.328595955846364071e-04	-6.408605508934205375e+01
1.472650000000000148e+01	-5.466171723216983616e-04	-6.410137098234375230e+01
1.475554999999999950e+01	-5.599703865414802683e-04	-6.411521712446463539e+01
1.478460000000000107e+01	-5.729139865493539097e-04	-6.412761910683695987e+01
1.481365000000000087e+01	-5.854431817471032057e-04	-6.413860154880258335e+01
1.484270000000000067e+01	-5.975536386508612701e-04	-6.414818814071347219e+01
1.487175000000000047e+01	-6.092414745295482003e-04	-6.415640168421597878e+01
1.490080000000000027e+01	-6.205032418271762360e-04	-6.416326413030741094e+01
1.492985000000000007e+01	-6.313359231853827528e-04	-6.416879661515285704e+01
1.495889999999999986e+01	-6.417369279295766660e-04	-6.417301949396475891e+01
1.498795000000000144e+01	-6.517040694432405662e-04	-6.417595237294987953e+01
1.501699999999999946e+01	-6.612355664994181564e-04	-6.417761413952669614e+01
1.504605000000000103e+01	-6.703300308241109647e-04	-6.417802299084313233e+01
1.507510000000000083e+01	-6.789864639281746519e-04	-6.417719646076977824e+01
1.510415000000000063e+01	-6.872042366423213684e-04	-6.417515144543857275e+01
1.513320000000000043e+01	-6.949830883506455219e-04	-6.417190422739103894e+01
1.516225000000000023e+01	-7.023231180244937470e-04	-6.416747049841683292e+01
1.519130000000000180e+01	-7.092247652666908890e-04	-6.416186538124131289e+01
1.522034999999999982e+01	-7.156888176760040771e-04	-6.415510345001229098e+01
1.524940000000000140e+01	-7.217163865093745951e-04	-6.414719874969765101e+01
1.527844999999999942e+01	-7.273089075775321941e-04	-6.413816481453110896e+01
1.530750000000000099e+01	-7.324681284554125475e-04	-6.412801468541678673e+01
1.533655000000000079e+01	-7.371960988950944458e-04	-6.411676092650994008e+01
1.536560000000000059e+01	-7.414951669863616970e-04	-6.410441564083188837e+01
1.539465000000000039e+01	-7.453679560915178401e-04	-6.409099048520599240e+01
1.542370000000000019e+01	-7.488173803756444308e-04	-6.407649668428774703e+01
1.545275000000000176e+01	-7.518466112645763068e-04	-6.406094504396180866e+01
1.548179999999999978e+01	-7.544590856674077053e-04	-6.404434596400997748e+01
1.551085000000000136e+01	-7.566584920019413631e-04	-6.402670945012603454e+01
1.553989999999999938e+01	-7.584487572904412929e-04	-6.400804512532120327e+01
1.556895000000000095e+01	-7.598340436447256676e-04	-6.398836224071772705e+01
1.559800000000000075e+01	-7.608187404739375024e-04	-6.396766968578124590e+01
1.562705000000000055e+01	-7.614074598535152619e-04	-6.394597599802925458e+01
1.565610000000000035e+01	-7.616050141835629039e-04	-6.392328937222957563e+01
1.568515000000000015e+01	-7.614164228874739562e-04	-6.389961766908638197e+01
1.571420000000000172e+01	-7.608468987632791046e-04	-6.387496842352081217e+01
1.574324999999999974e+01	-7.599018401040099051e-04	-6.384934885239761115e+01
1.577230000000000132e+01	-7.585868232828178997e-04	-6.382276586196842061e+01
1.580134999999999934e+01	-7.569075924457492740e-04	-6.379522605478149444e+01
1.583040000000000092e+01	-7.548700607494236541e-04	-6.376673573628583114e+01
1.585945000000000071e+01	-7.524802893622197647e-04	-6.373730092100979050e+01
1.588850000000000051e+01	-7.497444913433762466e-04	-6.370692733843326749e+01
1.591755000000000031e+01	-7.466690237678041747e-04	-6.367562043846554332e+01
1.594660000000000011e+01	-7.432603677967126099e-04	-6.364338539660942473e+01
1.597565000000000168e+01	-7.395251383469425089e-04	-6.361022711882420566e+01
1.600469999999999970e+01	-7.354700689922962550e-04	-6.357615024606053566e+01
1.603375000000000128e+01	-7.311020040844529036e-04	-6.354115915849646257e+01
1.606279999999999930e+01	-7.264278927786011310e-04	-6.350525797950605522e+01
1.609185000000000088e+01	-7.214547850583048847e-04	-6.346845057931420797e+01
1.612089999999999890e+01	-7.161898263658532382e-04	-6.343074057845272762e+01
1.614995000000000047e+01	-7.106402397522517018e-04	-6.339213135085130801e+01
1.617900000000000205e+01	-7.048133373124434824e-04	-6.335262602678137966e+01
1.620805000000000007e+01	-6.987164988664148080e-04	-6.331222749546490292e+01
1.623710000000000164e+01	-6.923571714599751226e-04	-6.327093840749731868e+01
1.626614999999999966e+01	-6.857428682792141884e-04	-6.322876117703713561e+01
1.629520000000000124e+01	-6.788811525357435787e-04	-6.318569798370351975e+01
1.632424999999999926e+01	-6.717796391298416683e-04	-6.314175077431379890e+01
1.635330000000000084e+01	-6.644459887421212164e-04	-6.309692126437401072e+01
1.638235000000000241e+01	-6.568878959247733762e-04	-6.305121093936531196e+01
1.641140000000000043e+01	-6.491130906106173069e-04	-6.300462105577441463e+01
1.644044999999999845e+01	-6.411293313553700565e-04	-6.295715264196640959e+01
1.646950000000000003e+01	-6.329443963831142420e-04	-6.290880649881215447e+01
1.649855000000000160e+01	-6.245660824222721424e-04	-6.285958320012240108e+01
1.652759999999999962e+01	-6.160021953327142388e-04	-6.280948309287906284e+01
1.655665000000000120e+01	-6.072605515978592768e-04	-6.275850629723084495e+01
1.658569999999999922e+01	-5.983489669325313962e-04	-6.270665270633568866e+01
1.661475000000000080e+01	-5.892752560075117376e-04	-6.265392198596603635e+01
1.664379999999999882e+01	-5.800472244474550723e-04	-6.260031357389610918e+01
1.667285000000000039e+01	-5.706726657598590671e-04	-6.254582667913435756e+01
1.670190000000000197e+01	-5.611593602835586144e-04	-6.249046028089664162e+01
1.673094999999999999e+01	-5.515150621914167647e-04	-6.243421312740038331e+01
1.676000000000000156e+01	-5.417475057982877769e-04	-6.237708373446280774e+01
1.678904999999999959e+01	-5.318643938349835619e-04	-6.231907038383137376e+01
1.681810000000000116e+01	-5.218733950711473011e-04	-6.226017112137491694e+01
1.684714999999999918e+01	-5.117821451023612384e-04	-6.220038375501268746e+01
1.687620000000000076e+01	-5.015982321131984712e-04	-6.213970585244270239e+01
1.690525000000000233e+01	-4.913292040680523713e-04	-6.207813473858895037e+01
1.693430000000000035e+01	-4.809825599356977129e-04	-6.201566749293554182e+01
1.696334999999999837e+01	-4.705657460464158256e-04	-6.195230094649669184e+01
1.699239999999999995e+01	-4.600861533094417061e-04	-6.188803167865340527e+01
1.702145000000000152e+01	-4.495511160371547851e-04	-6.182285601366735506e+01
1.705049999999999955e+01	-4.389679034468375917e-04	-6.175677001698848301e+01
1.707955000000000112e+01	-4.283437211419165017e-04	-6.168976949130416187e+01
1.710859999999999914e+01	-4.176857072371251969e-04	-6.162184997227402761e+01
1.713765000000000072e+01	-4.070009275078152072e-04	-6.155300672404919027e+01
1.716669999999999874e+01	-3.962963743823846603e-04	-6.148323473447077703e+01
1.719575000000000031e+01	-3.855789626954549566e-04	-6.141252870999557700e+01
1.722480000000000189e+01	-3.748555295792448789e-04	-6.134088307028154219e+01
1.725384999999999991e+01	-3.641328284646426754e-04	-6.126829194251369870e+01
1.728290000000000148e+01	-3.534175276795125200e-04	-6.119474915534382120e+01
1.731194999999999951e+01	-3.427162110886248407e-04	-6.112024823253097594e+01
1.734100000000000108e+01	-3.320353705432854013e-04	-6.104478238621127417e+01
1.737004999999999910e+01	-3.213814075426636566e-04	-6.096834450979822861e+01
1.739910000000000068e+01	-3.107606302787528944e-04	-6.089092717050572645e+01
1.742815000000000225e+01	-3.001792507199689021e-04	-6.081252260144516697e+01
1.745720000000000027e+01	-2.896433832156044500e-04	-6.073312269335858105e+01
1.748624999999999829e+01	-2.791590418466653625e-04	-6.065271898584033039e+01
1.751529999999999987e+01	-2.687321408443810134e-04	-6.057130265814841152e+01
1.754435000000000144e+01	-2.583684893209708716e-04	-6.048886451952956378e+01
1.757339999999999947e+01	-2.480737935166614180e-04	-6.040539499901640852e+01
1.760245000000000104e+01	-2.378536527899863468e-04	-6.032088413471807087e+01
1.763149999999999906e+01	-2.277135587220334759e-04	-6.023532156255094350e+01
1.766055000000000064e+01	-2.176588936768263029e-04	-6.014869650436888548e+01
1.768959999999999866e+01	-2.076949305324554186e-04	-6.006099775549409969e+01
1.771865000000000023e+01	-1.978268298991339106e-04	-5.997221367160041439e+01
1.774770000000000181e+01	-1.880596401126806579e-04	-5.988233215489089645e+01
1.777674999999999983e+01	-1.783982964603939621e-04	-5.979134063959893552e+01
1.780580000000000140e+01	-1.688476191908995267e-04	-5.969922607667953685e+01
1.783484999999999943e+01	-1.594123134401717373e-04	-5.960597491774106516e+01
1.786390000000000100e+01	-1.500969690331589799e-04	-5.951157309809238427e+01
1.789294999999999902e+01	-1.409060582091817737e-04	-5.941600601892570666e+01
1.792200000000000060e+01	-1.318439369848432342e-04	-5.931925852853034087e+01
1.795105000000000217e+01	-1.229148432343109992e-04	-5.922131490250261265e+01
1.798010000000000019e+01	-1.141228972383172833e-04	-5.912215882289450519e+01
1.800914999999999822e+01	-1.054721010711195955e-04	-5.902177335623420618e+01
1.803819999999999979e+01	-9.696633854580839111e-05	-5.892014093033430555e+01
1.806725000000000136e+01	-8.860937510560097717e-05	-5.881724330983915650e+01
1.809629999999999939e+01	-8.040485806614184672e-05	-5.871306157040955753e+01
1.812535000000000096e+01	-7.235631680378430642e-05	-5.860757607145973225e+01
1.815439999999999898e+01	-6.446716269409208985e-05	-5.850076642737182198e+01
1.818345000000000056e+01	-5.674069007541026894e-05	-5.839261147706177724e+01
1.821249999999999858e+01	-4.918007640140751235e-05	-5.828308925180757427e+01
1.824155000000000015e+01	-4.178838309852370256e-05	-5.817217694121315219e+01
1.827060000000000173e+01	-3.456855634335130291e-05	-5.805985085718324967e+01
1.829964999999999975e+01	-2.752342807432198239e-05	-5.794608639577256071e+01
1.832870000000000132e+01	-2.065571697732685851e-05	-5.783085799676341310e+01
1.835774999999999935e+01	-1.396802993225589679e-05	-5.771413910080425325e+01
1.838680000000000092e+01	-7.462863518328333854e-06	-5.759590210394379284e+01
1.841584999999999894e+01	-1.142605331345338975e-06	-5.747611830936663324e+01
1.844490000000000052e+01	-9.643274665532871356e-16	-5.735475787612419651e+01
1.847395000000000209e+01	0.000000000000000000e+00	-5.723178976464054557e+01
1.850300000000000011e+01	0.000000000000000000e+00	-5.710718167875113949e+01
1.853204999999999814e+01	0.000000000000000000e+00	-5.698090000400586064e+01
1.856109999999999971e+01	-9.643274665532871356e-16	-5.685290974194961677e+01
1.859015000000000128e+01	0.000000000000000000e+00	-5.672317444006872478e+01
1.861919999999999931e+01	0.000000000000000000e+00	-5.659165611705411436e+01
1.864825000000000088e+01	-9.643274665532871356e-16	-5.645831518300003893e+01
1.867729999999999890e+01	1.928654933106573877e-15	-5.632311035414456768e+01
1.870635000000000048e+01	0.000000000000000000e+00	-5.618599856167286077e+01
1.873539999999999850e+01	-9.643274665532871356e-16	-5.604693485411246456e+01
1.876445000000000007e+01	0.000000000000000000e+00	-5.590587229273933190e+01
1.879350000000000165e+01	0.000000000000000000e+00	-5.576276183944255393e+01
1.882254999999999967e+01	0.000000000000000000e+00	-5.561755223633124956e+01
1.885160000000000124e+01	0.000000000000000000e+00	-5.547018987638039533e+01
1.888064999999999927e+01	0.000000000000000000e+00	-5.532061866432519537e+01
1.890970000000000084e+01	1.928654933106573877e-15	-5.516877986683314816e+01
1.893874999999999886e+01	-9.643274665532871356e-16	-5.501461195106347901e+01
1.896780000000000044e+01	0.000000000000000000e+00	-5.485805041042466712e+01
1.899685000000000201e+01	0.000000000000000000e+00	-5.469902757633693824e+01
1.902590000000000003e+01	-9.643274665532871356e-16	-5.453747241463425155e+01
1.905494999999999806e+01	0.000000000000000000e+00	-5.437331030507940710e+01
1.908399999999999963e+01	-9.643274665532871356e-16	-5.420646280227144587e+01
1.911305000000000121e+01	0.000000000000000000e+00	-5.403684737604842070e+01
1.914209999999999923e+01	0.000000000000000000e+00	-5.386437712923074628e+01
1.917115000000000080e+01	0.000000000000000000e+00	-5.368896049032910867e+01
1.920020000000000238e+01	-9.643274665532871356e-16	-5.351050087842342151e+01
1.922925000000000040e+01	-9.643274665532871356e-16	-5.332889633726074408e+01
1.925829999999999842e+01	0.000000000000000000e+00	-5.314403913500810717e+01
1.928734999999999999e+01	0.000000000000000000e+00	-5.295581532579475947e+01
1.931640000000000157e+01	0.000000000000000000e+00	-5.276410426853740887e+01
1.934544999999999959e+01	-9.643274665532871356e-16	-5.256877809802061563e+01
1.937449999999999761e+01	0.000000000000000000e+00	-5.236970114236009977e+01
1.940354999999999919e+01	-9.643274665532871356e-16	-5.216672928028813772e+01
1.943260000000000076e+01	-9.643274665532871356e-16	-5.195970923057053881e+01
1.946164999999999878e+01	-9.643274665532871356e-16	-5.174847776482692296e+01
1.949070000000000036e+01	0.000000000000000000e+00	-5.153286083364675108e+01
1.951975000000000193e+01	0.000000000000000000e+00	-5.131267259422440219e+01
1.954879999999999995e+01	0.000000000000000000e+00	-5.108771432598313567e+01
1.957784999999999798e+01	0.000000000000000000e+00	-5.085777321833781173e+01
1.960689999999999955e+01	0.000000000000000000e+00	-5.062262101201648079e+01
1.963595000000000113e+01	0.000000000000000000e+00	-5.038201247229167734e+01
1.966499999999999915e+01	-9.643274665532871356e-16	-5.013568366850986280e+01
1.969405000000000072e+01	-9.643274665532871356e-16	-4.988335002970566734e+01
1.972310000000000230e+01	0.000000000000000000e+00	-4.962470414040702593e+01
1.975215000000000032e+01	0.000000000000000000e+00	-4.935941323387886115e+01
1.978119999999999834e+01	0.000000000000000000e+00	-4.908711633160471166e+01
1.981024999999999991e+01	-9.643274665532871356e-16	-4.880742096739217573e+01
1.983930000000000149e+01	0.000000000000000000e+00	-4.851989942161768710e+01
1.986834999999999951e+01	0.000000000000000000e+00	-4.822408437505866630e+01
1.989739999999999753e+01	-9.643274665532871356e-16	-4.791946387163452670e+01
1.992644999999999911e+01	0.000000000000000000e+00	-4.760547545389012214e+01
1.995550000000000068e+01	0.000000000000000000e+00	-4.728149930280597601e+01
1.998454999999999870e+01	0.000000000000000000e+00	-4.694685017193914689e+01
2.001360000000000028e+01	-3.228322550115468303e-06	-4.660076785253829001e+01
2.004265000000000185e+01	-1.391620458048754872e-05	-4.624240583640496283e+01
2.007169999999999987e+01	-2.573011811371248462e-05	-4.587081775171569831e+01
2.010074999999999790e+01	-3.884757078118425541e-05	-4.548494102530881378e+01
2.012979999999999947e+01	-5.348716223017408952e-05	-4.508357706164251510e+01
2.015885000000000105e+01	-6.992020536126698099e-05	-4.466536700721828623e+01
2.018789999999999907e+01	-8.848634598793377103e-05	-4.422876186478870153e+01
2.021695000000000064e+01	-1.096148349125734150e-04	-4.377198529815125738e+01
2.024600000000000222e+01	-1.338539098461369564e-04	-4.329298686983874944e+01
2.027505000000000024e+01	-1.619120191882808784e-04	-4.278938259539530264e+01
2.030409999999999826e+01	-1.947166617250800018e-04	-4.225837844424233936e+01
2.033314999999999984e+01	-2.334999892936648325e-04	-4.169667055158232927e+01
2.036220000000000141e+01	-2.799260188801389374e-04	-4.110031307023794511e+01
2.039124999999999943e+01	-3.362842490339605617e-04	-4.046454017937799108e+01
2.042029999999999745e+01	-4.057923972973127044e-04	-3.978352171849509489e+01
2.044934999999999903e+01	-4.930845451733109792e-04	-3.905002031468416845e+01
2.047840000000000060e+01	-6.050265985461003148e-04	-3.825489812092911990e+01
2.050744999999999862e+01	-7.521358388361070423e-04	-3.738638631982504990e+01
2.053650000000000020e+01	-9.511751248759763803e-04	-3.642896577662147450e+01
2.056555000000000177e+01	-1.230178074847244028e-03	-3.536158062750111952e+01
2.059459999999999980e+01	-1.638901489231819235e-03	-3.415464269504589367e+01
2.062364999999999782e+01	-2.272594995350511824e-03	-3.276468937256246505e+01
2.065269999999999939e+01	-3.332671951819456743e-03	-3.112407465932973238e+01
2.068175000000000097e+01	-5.307783002536470111e-03	-2.911886623855828304e+01
2.071079999999999899e+01	-9.651604720685278208e-03	-2.653384950029597888e+01
2.073985000000000056e+01	-2.244668009347734750e-02	-2.288019334910696401e+01
2.076890000000000214e+01	-9.689551478731947554e-02	-1.656817513383228047e+01
2.079795000000000016e+01	-6.832340708007455632e+00	-1.013846277576626376e+00
2.082699999999999818e+01	-7.427613620180173459e-02	-1.771011320038968151e+01
2.085604999999999976e+01	-2.016875658158409287e-02	-2.334318897718235064e+01
2.088510000000000133e+01	-9.265121741931054214e-03	-2.671459567420701120e+01
2.091414999999999935e+01	-5.322273468691240961e-03	-2.911958645881311369e+01
2.094319999999999737e+01	-3.462802492228420851e-03	-3.098614415748677686e+01
2.097224999999999895e+01	-2.439740811033678722e-03	-3.250904394787228568e+01
2.100130000000000052e+01	-1.816927623959232888e-03	-3.379343152124248917e+01
2.103034999999999854e+01	-1.409590745011736826e-03	-3.490254630926229851e+01
2.105940000000000012e+01	-1.128521120100629046e-03	-3.587738891295443722e+01
2.108845000000000169e+01	-9.263338094829602588e-04	-3.674605496624905498e+01
2.111749999999999972e+01	-7.759534692174590654e-04	-3.752863506408944971e+01
2.114654999999999774e+01	-6.609898459305435601e-04	-3.823999048610345142e+01
2.117559999999999931e+01	-5.710446786909102648e-04	-3.889142219190205907e+01
2.120465000000000089e+01	-4.992596201216401800e-04	-3.949172369097023250e+01
2.123369999999999891e+01	-4.409603486172768171e-04	-4.004787195853139536e+01
2.126275000000000048e+01	-3.928704270996945030e-04	-4.056549603513389712e+01
2.129180000000000206e+01	-3.526367711362022868e-04	-4.104920387122514569e+01
2.132085000000000008e+01	-3.185331133118816547e-04	-4.150281586051180227e+01
2.134989999999999810e+01	-2.892690286830474581e-04	-4.192953524423072054e+01
2.137894999999999968e+01	-2.638636474912231587e-04	-4.233207477553253995e+01
2.140800000000000125e+01	-2.415601668436568217e-04	-4.271275243608968708e+01
2.143704999999999927e+01	-2.217667633230060444e-04	-4.307356484408990838e+01
2.146609999999999729e+01	-2.040149839835222144e-04	-4.341624430994649231e+01
2.149514999999999887e+01	-1.879299509212192993e-04	-4.374230372272467804e+01
2.152420000000000044e+01	-1.732086999068476471e-04	-4.405307225407935334e+01
2.155324999999999847e+01	-1.596042169536331036e-04	-4.434972404476533825e+01
2.158230000000000004e+01	-1.469135273257241101e-04	-4.463330146486828198e+01
2.161135000000000161e+01	-1.349687095310043842e-04	-4.490473413195890373e+01
2.164039999999999964e+01	-1.236300482195317547e-04	-4.516485457909696066e+01
2.166944999999999766e+01	-1.127807698590415074e-04	-4.541441125153322389e+01
2.169849999999999923e+01	-1.023229638592048664e-04	-4.565407935434339493e+01
2.172755000000000081e+01	-9.217440193059064587e-05	-4.588446995639916537e+01
2.175659999999999883e+01	-8.226604118281451140e-05	-4.610613766838408623e+01
2.178565000000000040e+01	-7.254005692533924577e-05	-4.631958714599977611e+01
2.181470000000000198e+01	-6.294828849078668736e-05	-4.652527861857863911e+01
2.184375000000000000e+01	-5.345100463506056488e-05	-4.672363260422959286e+01
2.187279999999999802e+01	-4.401592587899267424e-05	-4.691503394238292657e+01
2.190184999999999960e+01	-3.461744595795892654e-05	-4.709983525119382364e+01
2.193090000000000117e+01	-2.523601732922759854e-05	-4.727835989885090129e+01
2.195994999999999919e+01	-1.585765966908261784e-05	-4.745090456411398350e+01
2.198899999999999721e+01	-6.473572493135106210e-06	-4.761774145007087355e+01
2.201804999999999879e+01	0.000000000000000000e+00	-4.777912020696805939e+01
2.204710000000000036e+01	0.000000000000000000e+00	-4.793526961336937831e+01
2.207614999999999839e+01	-1.928654933106574271e-15	-4.808639905984534835e+01
2.210519999999999996e+01	0.000000000000000000e+00	-4.823269987516831492e+01
2.213425000000000153e+01	-9.643274665532871356e-16	-4.837434653192195810e+01
2.216329999999999956e+01	0.000000000000000000e+00	-4.851149776445619466e+01
2.219234999999999758e+01	0.000000000000000000e+00	-4.864429762960432413e+01
2.222139999999999915e+01	0.000000000000000000e+00	-4.877287653588221872e+01
2.225045000000000073e+01	-9.643274665532871356e-16	-4.889735226348791741e+01
2.227949999999999875e+01	0.000000000000000000e+00	-4.901783099141227495e+01
2.230855000000000032e+01	0.000000000000000000e+00	-4.913440834277972158e+01
2.233760000000000190e+01	-9.643274665532871356e-16	-4.924717045269807159e+01
2.236664999999999992e+01	-9.643274665532871356e-16	-4.935619505641526672e+01
2.239569999999999794e+01	0.000000000000000000e+00	-4.946155258847946357e+01
2.242474999999999952e+01	-9.643274665532871356e-16	-4.956330727812888881e+01
2.245380000000000109e+01	-9.643274665532871356e-16	-4.966151822003786265e+01
2.248284999999999911e+01	0.000000000000000000e+00	-4.975624039721019187e+01
2.251189999999999714e+01	0.000000000000000000e+00	-4.984752563025941896e+01
2.254094999999999871e+01	0.000000000000000000e+00	-4.993542342863054273e+01
2.257000000000000028e+01	0.000000000000000000e+00	-5.001998172154578270e+01
2.259904999999999831e+01	-9.643274665532871356e-16	-5.010124745138990932e+01
2.262809999999999988e+01	0.000000000000000000e+00	-5.017926701804799450e+01
2.265715000000000146e+01	0.000000000000000000e+00	-5.025408656998432377e+01
2.268619999999999948e+01	0.000000000000000000e+00	-5.032575214434110933e+01
2.271524999999999750e+01	0.000000000000000000e+00	-5.039430966542915513e+01
2.274429999999999907e+01	0.000000000000000000e+00	-5.045980481621820957e+01
2.277335000000000065e+01	-1.928654933106574271e-15	-5.052228280148096928e+01
2.280239999999999867e+01	0.000000000000000000e+00	-5.058178802403573826e+01
2.283145000000000024e+01	0.000000000000000000e+00	-5.063836369587728825e+01
2.286050000000000182e+01	0.000000000000000000e+00	-5.069205140565124879e+01
2.288954999999999984e+01	0.000000000000000000e+00	-5.074289066156592298e+01
2.291859999999999786e+01	-9.643274665532871356e-16	-5.079091842642725396e+01
2.294764999999999944e+01	-9.643274665532871356e-16	-5.083616865744909319e+01
2.297670000000000101e+01	0.000000000000000000e+00	-5.087867186037100709e+01
2.300574999999999903e+01	-1.928654933106574271e-15	-5.091845466318769553e+01
2.303479999999999706e+01	-9.643274665532871356e-16	-5.095553941186391000e+01
2.306384999999999863e+01	0.000000000000000000e+00	-5.098994378706186836e+01
2.309290000000000020e+01	-9.643274665532871356e-16	-5.102168043843711587e+01
2.312194999999999823e+01	0.000000000000000000e+00	-5.105075663095129812e+01
2.315099999999999980e+01	0.000000000000000000e+00	-5.107717389583178402e+01
2.318005000000000138e+01	-1.928654933106574271e-15	-5.110092767752634302e+01
2.320909999999999940e+01	0.000000000000000000e+00	-5.112200696697061630e+01
2.323814999999999742e+01	0.000000000000000000e+00	-5.114039391029952242e+01
2.326719999999999899e+01	-9.643274665532871356e-16	-5.115606338148937482e+01
2.329625000000000057e+01	0.000000000000000000e+00	-5.116898250644222657e+01
2.332529999999999859e+01	0.000000000000000000e+00	-5.117911012477332378e+01
2.335435000000000016e+01	0.000000000000000000e+00	-5.118639617451385249e+01
2.338340000000000174e+01	-9.643274665532871356e-16	-5.119078098297124058e+01
2.341244999999999976e+01	0.000000000000000000e+00	-5.119219444505969818e+01
2.344149999999999778e+01	-9.643274665532871356e-16	-5.119055506750246565e+01
2.347054999999999936e+01	-9.312508753206466904e-06	-5.118576885380762320e+01
2.349960000000000093e+01	-2.009057756993444741e-05	-5.117772800046771664e+01
2.352864999999999895e+01	-3.068162177056294007e-05	-5.116630936907920102e+01
2.355769999999999698e+01	-4.105112401842566663e-05	-5.115137269192295122e+01
2.358674999999999855e+01	-5.116837668292940466e-05	-5.113275845937948105e+01
2.361580000000000013e+01	-6.100651528189127105e-05	-5.111028542596553592e+01
2.364484999999999815e+01	-7.054252155166408319e-05	-5.108374765699926456e+01
2.367389999999999972e+01	-7.975720715807033600e-05	-5.105291101898190220e+01
2.370295000000000130e+01	-8.863518496387451948e-05	-5.101750899239270609e+01
2.373199999999999932e+01	-9.716483964917468560e-05	-5.097723765404650464e+01
2.376104999999999734e+01	-1.053383080559644588e-04	-5.093174963488220186e+01
2.379009999999999891e+01	-1.131514811046563590e-04	-5.088064680482729329e+01
2.381915000000000049e+01	-1.206040419608261840e-04	-5.082347136426556489e+01
2.384819999999999851e+01	-1.276995561344456765e-04	-5.075969492512075476e+01
2.387725000000000009e+01	-1.344456365036997270e-04	-5.068870503372443181e+01
2.390630000000000166e+01	-1.408542095228168924e-04	-5.060978840865517014e+01
2.393534999999999968e+01	-1.469419181726460560e-04	-5.052210991863682921e+01
2.396439999999999770e+01	-1.527307169375861852e-04	-5.042468597744676373e+01
2.399344999999999928e+01	-1.582487275087146139e-04	-5.031635053725972284e+01
2.402250000000000085e+01	-1.635314630580201136e-04	-5.019571114566507219e+01
2.405154999999999887e+01	-1.686235768726628806e-04	-5.006109147902569134e+01
2.408059999999999690e+01	-1.735813822862665435e-04	-4.991045518909380263e+01
2.410964999999999847e+01	-1.784765115252470225e-04	-4.974130349219287694e+01
2.413870000000000005e+01	-1.834013291954720984e-04	-4.955053516731993568e+01
2.416774999999999807e+01	-1.884770985396087557e-04	-4.933425159701060636e+01
2.419679999999999964e+01	-1.938666262261376266e-04	-4.908747953253975993e+01
2.422585000000000122e+01	-1.997944524374891577e-04	-4.880376730267640539e+01
2.425489999999999924e+01	-2.065802969345500182e-04	-4.847458017124695573e+01
2.428394999999999726e+01	-2.146969801929446658e-04	-4.808836507883970768e+01
2.431299999999999883e+01	-2.248762183159313524e-04	-4.762904709329762909e+01
2.434205000000000041e+01	-2.383149709539437067e-04	-4.707349666450060255e+01
2.437109999999999843e+01	-2.571123332753149390e-04	-4.638700896920485661e+01
2.440015000000000001e+01	-2.852979434594297243e-04	-4.551461669193179205e+01
2.442920000000000158e+01	-3.316233782887029538e-04	-4.436267774930332308e+01
2.445824999999999960e+01	-4.188497971498015724e-04	-4.275410396162661897e+01
2.448729999999999762e+01	-6.263816079430142543e-04	-4.029404007256275122e+01
2.451634999999999920e+01	-1.455829964371232674e-03	-3.578138275942998092e+01
2.454540000000000077e+01	-6.298940206216788185e-02	-1.842120209044663426e+01
2.457444999999999879e+01	-9.467744534376301615e-04	-3.579747742261787380e+01
2.460349999999999682e+01	-1.380577713666885373e-04	-4.394910271310528316e+01
2.463254999999999839e+01	-5.627670959359108819e-05	-4.946956032957930915e+01
2.466159999999999997e+01	-4.207281376624832204e-05	-5.433706237232815539e+01
2.469064999999999799e+01	-4.026280376164658315e-05	-5.942229880476386938e+01
2.471969999999999956e+01	-4.088998472114073007e-05	-6.589795662211821536e+01
2.474875000000000114e+01	-4.156533687220029353e-05	-7.932244434327236604e+01
2.477779999999999916e+01	-4.168022183678066233e-05	-7.438471475092791252e+01
2.480684999999999718e+01	-4.112232202623392275e-05	-6.747016403194641043e+01
2.483589999999999876e+01	-3.992552325284787836e-05	-6.430273833719547838e+01
2.486495000000000033e+01	-3.816253610734022085e-05	-6.235817051671479305e+01
2.489399999999999835e+01	-3.591035971385973249e-05	-6.100913922123880440e+01
2.492304999999999993e+01	-3.323964612278331956e-05	-6.000508730198930607e+01
2.495210000000000150e+01	-3.021224716302405093e-05	-5.922200808066519073e+01
2.498114999999999952e+01	-2.688151621196723082e-05	-5.859020535151405085e+01
2.501019999999999754e+01	-2.329342029277436086e-05	-5.806701544942423254e+01
2.503924999999999912e+01	-1.948776364291342173e-05	-5.762465777978452763e+01
2.506830000000000069e+01	-1.549929123921980513e-05	-5.724417181813176825e+01
2.509734999999999872e+01	-1.135861413118009243e-05	-5.691212715883420259e+01
2.512639999999999674e+01	-7.092960804663434545e-06	-5.661871924609360462e+01
2.515544999999999831e+01	-2.726778763143129115e-06	-5.635660896323172153e+01
2.518449999999999989e+01	-9.643274665532871356e-16	-5.612018512836254303e+01
2.521354999999999791e+01	0.000000000000000000e+00	-5.590507902542637453e+01
2.524259999999999948e+01	0.000000000000000000e+00	-5.570783518099483445e+01
2.527165000000000106e+01	0.000000000000000000e+00	-5.552568230796924809e+01
2.530069999999999908e+01	0.000000000000000000e+00	-5.535637034865527539e+01
2.532974999999999710e+01	0.000000000000000000e+00	-5.519805224958094669e+01
2.535879999999999868e+01	0.000000000000000000e+00	-5.504919668670957122e+01
2.538785000000000025e+01	0.000000000000000000e+00	-5.490852263124381238e+01
2.541689999999999827e+01	0.000000000000000000e+00	-5.477494960111717148e+01
2.544594999999999985e+01	-9.643274665532871356e-16	-5.464755935747446358e+01
2.547500000000000142e+01	0.000000000000000000e+00	-5.452556607238916797e+01
2.550404999999999944e+01	0.000000000000000000e+00	-5.440829284888454964e+01
2.553309999999999746e+01	-9.643274665532871356e-16	-5.429515306131905561e+01
2.556214999999999904e+01	-9.643274665532871356e-16	-5.418563539373374738e+01
2.559120000000000061e+01	-9.643274665532871356e-16	-5.407929174369571967e+01
2.562024999999999864e+01	-9.643274665532871356e-16	-5.397572736721323849e+01
2.564929999999999666e+01	0.000000000000000000e+00	-5.387459279143090640e+01
2.567834999999999823e+01	-9.643274665532871356e-16	-5.377557713285899155e+01
2.570739999999999981e+01	0.000000000000000000e+00	-5.367840254139596823e+01
2.573644999999999783e+01	-9.643274665532871356e-16	-5.358281955222339121e+01
2.576549999999999940e+01	0.000000000000000000e+00	-5.348860317452886193e+01
2.579455000000000098e+01	-9.643274665532871356e-16	-5.339554958173985710e+01
2.582359999999999900e+01	0.000000000000000000e+00	-5.330347329545838875e+01
2.585264999999999702e+01	0.000000000000000000e+00	-5.321220477669654514e+01
2.588169999999999860e+01	0.000000000000000000e+00	-5.312158835458330230e+01
2.591075000000000017e+01	0.000000000000000000e+00	-5.303148043592453575e+01
2.593979999999999819e+01	0.000000000000000000e+00	-5.294174794928586181e+01
2.596884999999999977e+01	0.000000000000000000e+00	-5.285226698555280933e+01
2.599790000000000134e+01	0.000000000000000000e+00	-5.276292160353897742e+01
2.602694999999999936e+01	0.000000000000000000e+00	-5.267360277451289363e+01
2.605599999999999739e+01	0.000000000000000000e+00	-5.258420744374510747e+01
2.608504999999999896e+01	-9.643274665532871356e-16	-5.249463769080514908e+01
2.611410000000000053e+01	0.000000000000000000e+00	-5.240479997303233262e+01
2.614314999999999856e+01	0.000000000000000000e+00	-5.231460443903618085e+01
2.617219999999999658e+01	0.000000000000000000e+00	-5.222396430096158326e+01
2.620124999999999815e+01	0.000000000000000000e+00	-5.213279525591843111e+01
2.623029999999999973e+01	0.000000000000000000e+00	-5.204101494823436269e+01
2.625934999999999775e+01	0.000000000000000000e+00	-5.194854246551187771e+01
2.628839999999999932e+01	0.000000000000000000e+00	-5.185529786231955995e+01
2.631745000000000090e+01	-9.643274665532871356e-16	-5.176120170646224494e+01
2.634649999999999892e+01	0.000000000000000000e+00	-5.166617464366676415e+01
2.637554999999999694e+01	0.000000000000000000e+00	-5.157013697747935765e+01
2.640459999999999852e+01	0.000000000000000000e+00	-5.147300826241342975e+01
2.643365000000000009e+01	1.928654933106573877e-15	-5.137470690971311171e+01
2.646269999999999811e+01	-9.643274665532871356e-16	-5.127514980711067949e+01
2.649174999999999969e+01	0.000000000000000000e+00	-5.117425195634506707e+01
2.652080000000000126e+01	0.000000000000000000e+00	-5.107192613615932686e+01
2.654984999999999928e+01	0.000000000000000000e+00	-5.096808260360803899e+01
2.657889999999999731e+01	0.000000000000000000e+00	-5.086262885465991701e+01
2.660794999999999888e+01	0.000000000000000000e+00	-5.075546947703075773e+01
2.663700000000000045e+01	0.000000000000000000e+00	-5.064650614663310790e+01
2.666604999999999848e+01	0.000000000000000000e+00	-5.053563784767732869e+01
2.669509999999999650e+01	-1.928654933106574271e-15	-5.042276144171375307e+01
2.672414999999999807e+01	0.000000000000000000e+00	-5.030777278414797138e+01
2.675319999999999965e+01	0.000000000000000000e+00	-5.019056870695894901e+01
2.678224999999999767e+01	0.000000000000000000e+00	-5.007105038965359967e+01
2.681129999999999924e+01	0.000000000000000000e+00	-4.994912899331893641e+01
2.684035000000000082e+01	-9.643274665532871356e-16	-4.982473506460745227e+01
2.686939999999999884e+01	0.000000000000000000e+00	-4.969783439188886121e+01
2.689844999999999686e+01	-1.928654933106574271e-15	-4.956845527395881135e+01
2.692749999999999844e+01	1.928654933106573877e-15	-4.943673679896244266e+01
2.695655000000000001e+01	0.000000000000000000e+00	-4.930301770674908113e+01
2.698559999999999803e+01	0.000000000000000000e+00	-4.916800827111647720e+01
2.701464999999999606e+01	-9.643274665532871356e-16	-4.903314377652087330e+01
2.704370000000000118e+01	-9.643274665532871356e-16	-4.890136517682602602e+01
2.707274999999999920e+01	0.000000000000000000e+00	-4.877895991754571270e+01
2.710179999999999723e+01	0.000000000000000000e+00	-4.867967029476344010e+01
2.713085000000000235e+01	-9.643274665532871356e-16	-4.862052633439523674e+01
2.715990000000000038e+01	-3.399709208242780163e-06	-4.832910000575418508e+01
2.718894999999999840e+01	-1.026150266554651641e-05	-4.759852631745404494e+01
2.721799999999999642e+01	-1.747194773023585853e-05	-4.739096111781117315e+01
2.724705000000000155e+01	-2.508868502149430620e-05	-4.722533872422165047e+01
2.727609999999999957e+01	-3.318702906455221004e-05	-4.702957130862456836e+01
2.730514999999999759e+01	-4.186611630625246597e-05	-4.680531762914229432e+01
2.733419999999999561e+01	-5.125776770748697171e-05	-4.655487264037109441e+01
2.736325000000000074e+01	-6.153955922581000923e-05	-4.627797525184768546e+01
2.739229999999999876e+01	-7.295459680189950494e-05	-4.597235476201296933e+01
2.742134999999999678e+01	-8.584231098059927258e-05	-4.563399922628672556e+01
2.745040000000000191e+01	-1.006880176324264931e-04	-4.525704715043718807e+01
2.747944999999999993e+01	-1.182057685154907042e-04	-4.483334929401812730e+01
2.750849999999999795e+01	-1.394831303537325071e-04	-4.435164929018184665e+01
2.753754999999999598e+01	-1.662478077750671952e-04	-4.379620568465468011e+01
2.756660000000000110e+01	-2.013906276868518170e-04	-4.314447957046273530e+01
2.759564999999999912e+01	-2.500739102293904120e-04	-4.236312383342416865e+01
2.762469999999999715e+01	-3.223203817191681734e-04	-4.140065133494017857e+01
2.765375000000000227e+01	-4.398732446362637965e-04	-4.017305821539522270e+01
2.768280000000000030e+01	-6.577567982365169338e-04	-3.853291906319387294e+01
2.771184999999999832e+01	-1.150879079023609322e-03	-3.619427025473027015e+01
2.774089999999999634e+01	-2.725976851796376235e-03	-3.251697570717895047e+01
2.776995000000000147e+01	-1.283864654701432143e-02	-2.577896613810340298e+01
2.779899999999999949e+01	-8.856600161562888651e-02	-1.696609389529434253e+01
2.782804999999999751e+01	-2.007504660530116079e-03	-3.426853656750987653e+01
2.785709999999999553e+01	-4.302866074105291753e-05	-5.736545366544390845e+01
2.788615000000000066e+01	-1.926350223095116477e-05	-7.413097351476444885e+01
2.791519999999999868e+01	-1.156657707705850806e-05	-9.192530836440815278e+01
2.794424999999999670e+01	-8.049293246687956366e-06	-6.814605235516523862e+01
2.797330000000000183e+01	-7.824340472307758464e-06	-6.185703715050881613e+01
2.800234999999999985e+01	-9.625761596350470306e-06	-5.856105939408035965e+01
2.803139999999999787e+01	-1.256865020467436511e-05	-5.643521065727966146e+01
2.806044999999999590e+01	-1.612495706846682982e-05	-5.491446998267611690e+01
2.808950000000000102e+01	-1.999401728320845611e-05	-5.375272511307954915e+01
2.811854999999999905e+01	-2.400899024387241967e-05	-5.282282590229628028e+01
2.814759999999999707e+01	-2.808090221510309834e-05	-5.205167034441071650e+01
2.817665000000000219e+01	-3.216656672774921224e-05	-5.139396874828378969e+01
2.820570000000000022e+01	-3.625025080139183465e-05	-5.082005052003488288e+01
2.823474999999999824e+01	-4.033310280311102339e-05	-5.030960960988936392e+01
2.826379999999999626e+01	-4.442698845519624500e-05	-4.984824905659620953e+01
2.829285000000000139e+01	-4.855086792654453244e-05	-4.942545744101261107e+01
2.832189999999999941e+01	-5.272866516121850467e-05	-4.903336664493320285e+01
2.835094999999999743e+01	-5.698803089035141760e-05	-4.866595882925240346e+01
2.837999999999999545e+01	-6.135965337286337429e-05	-4.831854317162275692e+01
2.840905000000000058e+01	-6.587691217452018046e-05	-4.798740066329108345e+01
2.843809999999999860e+01	-7.057575520188919134e-05	-4.766953696185507283e+01
2.846714999999999662e+01	-7.549472577221318103e-05	-4.736250664923721843e+01
2.849620000000000175e+01	-8.067509782358142515e-05	-4.706428582190751797e+01
2.852524999999999977e+01	-8.616109423017684734e-05	-4.677317809696183559e+01
2.855429999999999779e+01	-9.200017600634143229e-05	-4.648774416032284762e+01
2.858334999999999582e+01	-9.824339677456308954e-05	-4.620674818156015107e+01
2.861240000000000094e+01	-1.049458228862815547e-04	-4.592911649494454451e+01
2.864144999999999897e+01	-1.121670241884223682e-04	-4.565390532074660257e+01
2.867049999999999699e+01	-1.199716428696597078e-04	-4.538027522790963530e+01
2.869955000000000211e+01	-1.284300519212298907e-04	-4.510747067532517462e+01
2.872860000000000014e+01	-1.376191183437314733e-04	-4.483480341186194096e+01
2.875764999999999816e+01	-1.476230887567508022e-04	-4.456163882796245446e+01
2.878669999999999618e+01	-1.585346213045694486e-04	-4.428738457497998837e+01
2.881575000000000131e+01	-1.704559912434133533e-04	-4.401148092960906411e+01
2.884479999999999933e+01	-1.835005053593811476e-04	-4.373339249802724993e+01
2.887384999999999735e+01	-1.977941679250014837e-04	-4.345260094016259700e+01
2.890289999999999537e+01	-2.134776508129793843e-04	-4.316859845736243528e+01
2.893195000000000050e+01	-2.307086336840700753e-04	-4.288088183262136965e+01
2.896099999999999852e+01	-2.496645962334304394e-04	-4.258894684556514676e+01
2.899004999999999654e+01	-2.705461654248166752e-04	-4.229228290745720642e+01
2.901910000000000167e+01	-2.935811478308887590e-04	-4.199036777658665187e+01
2.904814999999999969e+01	-3.190294125208647689e-04	-4.168266222280456645e+01
2.907719999999999771e+01	-3.471888358872674538e-04	-4.136860451252860571e+01
2.910624999999999574e+01	-3.784025811245261719e-04	-4.104760458262248335e+01
2.913530000000000086e+01	-4.130680659639421499e-04	-4.071903776323358670e+01
2.916434999999999889e+01	-4.516480813052737350e-04	-4.038223789568608169e+01
2.919339999999999691e+01	-4.946846706866716821e-04	-4.003648967132065906e+01
2.922245000000000203e+01	-5.428165819877780671e-04	-3.968101998989988743e+01
2.925150000000000006e+01	-5.968013801423185504e-04	-3.931498810074168659e+01
2.928054999999999808e+01	-6.575436972029479517e-04	-3.893747424475031949e+01
2.930959999999999610e+01	-7.261316412326253517e-04	-3.854746645957197160e+01
2.933865000000000123e+01	-8.038841632852213254e-04	-3.814384514205318055e+01
2.936769999999999925e+01	-8.924133049533153079e-04	-3.772536488197721383e+01
2.939674999999999727e+01	-9.937068915846607176e-04	-3.729063299144459620e+01
2.942579999999999529e+01	-1.110239671425908856e-03	-3.683808406458413032e+01
2.945485000000000042e+01	-1.245124570773111731e-03	-3.636594983623037081e+01
2.948389999999999844e+01	-1.402321338772376681e-03	-3.587222362099328876e+01
2.951294999999999646e+01	-1.586928566241567560e-03	-3.535461882929669031e+01
2.954200000000000159e+01	-1.805598811767561429e-03	-3.481052174940625576e+01
2.957104999999999961e+01	-2.067138625176058973e-03	-3.423694057216928854e+01
2.960009999999999764e+01	-2.383391156385458731e-03	-3.363045694119340112e+01
2.962914999999999566e+01	-2.770558042288827610e-03	-3.298719653358120496e+01
2.965820000000000078e+01	-3.251214259551069539e-03	-3.230285983546070838e+01
2.968724999999999881e+01	-3.857425080454784157e-03	-3.157291613359436511e+01
2.971629999999999683e+01	-4.635599928070757193e-03	-3.079322875315604691e+01
2.974535000000000196e+01	-5.653926628465815070e-03	-2.996186009222219582e+01
2.977439999999999998e+01	-7.012765897302435276e-03	-2.908438770761603109e+01
2.980344999999999800e+01	-8.853616669248448243e-03	-2.819128981887543262e+01
2.983249999999999602e+01	-1.133444086081914631e-02	-2.740824514584794613e+01
2.986155000000000115e+01	-1.444525502745199787e-02	-2.739804980939592127e+01
2.989059999999999917e+01	-2.850690838799150792e-02	-4.960366846417534248e+01
2.991964999999999719e+01	-2.514276937264313672e-01	-1.250395532704978052e+01
2.994869999999999521e+01	-2.448123245500709033e-01	-1.255370207182591180e+01
2.997775000000000034e+01	-9.334119550969327550e-01	-7.135930276699999908e+00
3.000679999999999836e+01	-6.375822626886410660e+00	-1.154726041645438572e+00
3.003584999999999638e+01	-3.770818154457938887e-01	-1.080938439916044302e+01
3.006490000000000151e+01	-1.118385757677334141e-01	-1.593092371938658758e+01
3.009394999999999953e+01	-5.185819351103700126e-02	-1.920357888448410577e+01
3.012299999999999756e+01	-2.956801568166632019e-02	-2.159214899419292877e+01
3.015204999999999558e+01	-1.899929119778200406e-02	-2.346586211789108489e+01
3.018110000000000070e+01	-1.320253315023793561e-02	-2.500325066136174712e+01
3.021014999999999873e+01	-9.699877541616630863e-03	-2.630396796386482805e+01
3.023919999999999675e+01	-7.432933507627206837e-03	-2.742922543056300455e+01
3.026825000000000188e+01	-5.889287730277768806e-03	-2.841928203254965979e+01
3.029729999999999990e+01	-4.796853436423929341e-03	-2.930201115616525698e+01
3.032634999999999792e+01	-4.000520127899293184e-03	-3.009749898794224165e+01
3.035539999999999594e+01	-3.406741038329878790e-03	-3.082069232733817188e+01
3.038445000000000107e+01	-2.956463668255470811e-03	-3.148301052801512157e+01
3.041349999999999909e+01	-2.610982825211446458e-03	-3.209337227545522353e+01
3.044254999999999711e+01	-2.344124674820778197e-03	-3.265887467527511490e+01
3.047159999999999513e+01	-2.137722760299012436e-03	-3.318525686260475993e+01
3.050065000000000026e+01	-1.978893881521769007e-03	-3.367722521494892618e+01
3.052969999999999828e+01	-1.858341246685677860e-03	-3.413868690878829426e+01
3.055874999999999631e+01	-1.769266226827053258e-03	-3.457292113649938159e+01
3.058780000000000143e+01	-1.706652705914452669e-03	-3.498270692131403337e+01
3.061684999999999945e+01	-1.666786324979181982e-03	-3.537042008454602637e+01
3.064589999999999748e+01	-1.646925811337651398e-03	-3.573810788084590229e+01
3.067494999999999550e+01	-1.645075260070272358e-03	-3.608754719751257056e+01
3.070400000000000063e+01	-1.659825054020365193e-03	-3.642029047596915348e+01
3.073304999999999865e+01	-1.690240606245732406e-03	-3.673770233709618083e+01
3.076209999999999667e+01	-1.735785296513029947e-03	-3.704098908110190536e+01
3.079115000000000180e+01	-1.796268598928999665e-03	-3.733122266416808799e+01
3.082019999999999982e+01	-1.871813417260940809e-03	-3.760936034956353780e+01
3.084924999999999784e+01	-1.962838699524275480e-03	-3.787626093903269009e+01
3.087829999999999586e+01	-2.070054805938170359e-03	-3.813269827690270830e+01
3.090735000000000099e+01	-2.194470115687780117e-03	-3.837937256156676114e+01
3.093639999999999901e+01	-2.337408079197046511e-03	-3.861691988102507622e+01
3.096544999999999703e+01	-2.500534450315255574e-03	-3.884592030008563768e+01
3.099449999999999505e+01	-2.685894810057518761e-03	-3.906690475879911872e+01
3.102355000000000018e+01	-2.895962643542134268e-03	-3.928036098957301192e+01
3.105259999999999820e+01	-3.133698231560779965e-03	-3.948673861977165700e+01
3.108164999999999623e+01	-3.402618135859459148e-03	-3.968645359499482339e+01
3.111070000000000135e+01	-3.706874095868542898e-03	-3.987989203333353316e+01
3.113974999999999937e+01	-4.051338090870569564e-03	-4.006741360114412487e+01
3.116879999999999740e+01	-4.441686566573989359e-03	-4.024935448512069058e+01
3.119784999999999542e+01	-4.884470476407393701e-03	-4.042603002303507509e+01
3.122690000000000055e+01	-5.387146706402279328e-03	-4.059773704508253900e+01
3.125594999999999857e+01	-5.958028716608735655e-03	-4.076475596997136108e+01
3.128499999999999659e+01	-6.606086030453801536e-03	-4.092735269285876143e+01
3.131405000000000172e+01	-7.340479674172572383e-03	-4.108578029722988845e+01
3.134309999999999974e+01	-8.169661238307970516e-03	-4.124028061812729362e+01
3.137214999999999776e+01	-9.099789941638704999e-03	-4.139108568082102124e+01
3.140119999999999578e+01	-1.013215624023713901e-02	-4.153841903590040374e+01
3.143025000000000091e+01	-1.125930205527130544e-02	-4.168249700961681725e+01
3.145929999999999893e+01	-1.245972652480362500e-02	-4.182352988638601232e+01
3.148834999999999695e+01	-1.369167543407398026e-02	-4.196172303876150522e+01
3.151739999999999498e+01	-1.488774578150405675e-02	-4.209727801913234657e+01
3.154645000000000010e+01	-1.595378328973807644e-02	-4.223039362657395657e+01
3.157549999999999812e+01	-1.677678139450685182e-02	-4.236126696132720326e+01
3.160454999999999615e+01	-1.724498550470718664e-02	-4.249009447908777304e+01
3.163360000000000127e+01	-1.727728672970268303e-02	-4.261707305695856007e+01
3.166264999999999930e+01	-1.685043834598608237e-02	-4.274240108226840107e+01
3.169169999999999732e+01	-1.600930368228018624e-02	-4.286627957543814205e+01
3.172074999999999534e+01	-1.485335406054390760e-02	-4.298891335738089481e+01
3.174980000000000047e+01	-1.350692356339584094e-02	-4.311051227181260970e+01
3.177884999999999849e+01	-1.208870305456692835e-02	-4.323129247072741776e+01
3.180789999999999651e+01	-1.069217763645691210e-02	-4.335147777124373647e+01
3.183695000000000164e+01	-9.379456731419513055e-03	-4.347130108802265624e+01
3.186599999999999966e+01	-8.184463879337477293e-03	-4.359100594259692230e+01
3.189504999999999768e+01	-7.120108803696388947e-03	-4.371084804518729072e+01
3.192409999999999570e+01	-6.185681491070369430e-03	-4.383109693532371409e+01
3.195315000000000083e+01	-5.372761502586086667e-03	-4.395203765786612138e+01
3.198219999999999885e+01	-4.669302703446235464e-03	-4.407397243037807044e+01
3.201124999999999687e+01	-4.062172988206338119e-03	-4.419722223772554059e+01
3.204029999999999490e+01	-3.538585688592190987e-03	-4.432212825347271945e+01
3.206935000000000002e+01	-3.086812656052450622e-03	-4.444905294251349659e+01
3.209839999999999804e+01	-2.696466124182846959e-03	-4.457838063830837427e+01
3.212744999999999607e+01	-2.358539815500874503e-03	-4.471051730131597424e+01
3.215650000000000119e+01	-2.065327011895858045e-03	-4.484588905852447738e+01
3.218554999999999922e+01	-1.810284706922682830e-03	-4.498493897915756179e+01
3.221459999999999724e+01	-1.587882066403568070e-03	-4.512812136130663276e+01
3.224364999999999526e+01	-1.393453049500419615e-03	-4.527589259049334203e+01
3.227270000000000039e+01	-1.223062412220879630e-03	-4.542869737652013384e+01
3.230174999999999841e+01	-1.073388415816293930e-03	-4.558694892039181212e+01
3.233079999999999643e+01	-9.416224693333274422e-04	-4.575100133069553010e+01
3.235985000000000156e+01	-8.253845095510479188e-04	-4.592111251259240845e+01
3.238889999999999958e+01	-7.226522383916492544e-04	-4.609739591208715837e+01
3.241794999999999760e+01	-6.317022862751570534e-04	-4.627976017350218285e+01
3.244699999999999562e+01	-5.510614055166384315e-04	-4.646783725166082490e+01
3.247605000000000075e+01	-4.794660413907123704e-04	-4.666090222854676739e+01
3.250509999999999877e+01	-4.158288300996672033e-04	-4.685779234095183199e+01
3.253414999999999679e+01	-3.592108039817954162e-04	-4.705683862720351840e+01
3.256319999999999482e+01	-3.087982982208710599e-04	-4.725583053597488714e+01
3.259224999999999994e+01	-2.638837127997048070e-04	-4.745204001281020822e+01
3.262129999999999797e+01	-2.238494424885490613e-04	-4.764233362479362910e+01
3.265034999999999599e+01	-1.881544115452243870e-04	-4.782339469283432720e+01
3.267940000000000111e+01	-1.563227465593946251e-04	-4.799205831697516800e+01
3.270844999999999914e+01	-1.279342103561582043e-04	-4.814573091700478358e+01
3.273749999999999716e+01	-1.026160818801899330e-04	-4.828283035068488260e+01
3.276654999999999518e+01	-8.003622543818126982e-05	-4.840315827853149955e+01
3.279560000000000031e+01	-5.989713437249181792e-05	-4.850811966785130380e+01
3.282464999999999833e+01	-4.193076964067532844e-05	-4.860074141868537367e+01
3.285369999999999635e+01	-2.589404220160497618e-05	-4.868550163855100976e+01
3.288275000000000148e+01	-1.156480891471992099e-05	-4.876803852597691957e+01
3.291179999999999950e+01	0.000000000000000000e+00	-4.885484042693075679e+01
3.294084999999999752e+01	0.000000000000000000e+00	-4.895301928186513152e+01
3.296989999999999554e+01	0.000000000000000000e+00	-4.907024901610927259e+01
3.299895000000000067e+01	0.000000000000000000e+00	-4.921492833121042310e+01
3.302799999999999869e+01	0.000000000000000000e+00	-4.939662334696483015e+01
3.305704999999999671e+01	0.000000000000000000e+00	-4.962687626506494354e+01
3.308609999999999474e+01	0.000000000000000000e+00	-4.992055307422895538e+01
3.311514999999999986e+01	0.000000000000000000e+00	-5.029809298900723036e+01
3.314419999999999789e+01	0.000000000000000000e+00	-5.078943608514251196e+01
3.317324999999999591e+01	-9.643274665532871356e-16	-5.144138013755988226e+01
3.320230000000000103e+01	-9.643274665532871356e-16	-5.233267964083320578e+01
3.323134999999999906e+01	-9.643274665532871356e-16	-5.360893965482105017e+01
3.326039999999999708e+01	0.000000000000000000e+00	-5.557726769031109626e+01
3.328944999999999510e+01	0.000000000000000000e+00	-5.902152220025500640e+01
3.331850000000000023e+01	-9.643274665532871356e-16	-6.551251836342464685e+01
3.334754999999999825e+01	-9.643274665532871356e-16	-5.917879006414519694e+01
3.337659999999999627e+01	0.000000000000000000e+00	-5.076345153365135587e+01
3.340565000000000140e+01	-4.206968217381431733e-05	-4.405712182666015764e+01
3.343469999999999942e+01	-7.384652355188861842e-04	-3.692366302894490815e+01
3.346374999999999744e+01	-1.330868581955387334e-02	-2.515991978012179686e+01
3.349279999999999546e+01	-1.744470990596038579e-02	-2.398512215189768781e+01
3.352185000000000059e+01	-2.808266501063135662e-03	-3.194584495016146164e+01
3.355089999999999861e+01	-1.334158245404992553e-03	-3.512532585081160619e+01
3.357994999999999663e+01	-8.639801299401383798e-04	-3.695337783487226346e+01
3.360899999999999466e+01	-6.474348254715027928e-04	-3.816077435126857154e+01
3.363804999999999978e+01	-5.278368808139801902e-04	-3.902160976363973788e+01
3.366709999999999781e+01	-4.544653489281934473e-04	-3.966604897361277438e+01
3.369614999999999583e+01	-4.064329106368929603e-04	-4.016494121760186431e+01
3.372520000000000095e+01	-3.736978342408672337e-04	-4.056049548248832082e+01
3.375424999999999898e+01	-3.508788688769878253e-04	-4.087953556446702663e+01
3.378329999999999700e+01	-3.348507326330584215e-04	-4.113995399936061403e+01
3.381234999999999502e+01	-3.236826001523332615e-04	-4.135414111756291788e+01
3.384140000000000015e+01	-3.161221135492155556e-04	-4.153093303239089096e+01
3.387044999999999817e+01	-3.113248705414176283e-04	-4.167677852455936716e+01
3.389949999999999619e+01	-3.087037037641398619e-04	-4.179646874309226234e+01
3.392855000000000132e+01	-3.078404085485742371e-04	-4.189360995321563763e+01
3.395759999999999934e+01	-3.084318706730287529e-04	-4.197093891367363483e+01
3.398664999999999736e+01	-3.102560558521568488e-04	-4.203053839353916032e+01
3.401569999999999538e+01	-3.131499502465909203e-04	-4.207398730619512861e+01
3.404475000000000051e+01	-3.169949669686606547e-04	-4.210246679611221055e+01
3.407379999999999853e+01	-3.217071879782764602e-04	-4.211683583848730450e+01
3.410284999999999656e+01	-3.272308571440439161e-04	-4.211768515947279923e+01
3.413189999999999458e+01	-3.335341539982191470e-04	-4.210537529126060008e+01
3.416094999999999970e+01	-3.406066543693174378e-04	-4.208006263433646410e+01
3.418999999999999773e+01	-3.484581248894469321e-04	-4.204171609962617140e+01
3.421904999999999575e+01	-3.571184661037671466e-04	-4.199012600156039809e+01
3.424810000000000088e+01	-3.666387455055904426e-04	-4.192490621814321372e+01
3.427714999999999890e+01	-3.770933722952466631e-04	-4.184549012863016770e+01
3.430619999999999692e+01	-3.885835795896311340e-04	-4.175112041707567556e+01
3.433524999999999494e+01	-4.012425111837435599e-04	-4.164083244136197948e+01
3.436430000000000007e+01	-4.152423842825949145e-04	-4.151343047167759437e+01
3.439334999999999809e+01	-4.308044415025065010e-04	-4.136745565960539750e+01
3.442239999999999611e+01	-4.482127646486711741e-04	-4.120114406480895752e+01
3.445145000000000124e+01	-4.678335622129635939e-04	-4.101237238448405975e+01
3.448049999999999926e+01	-4.901423920764464478e-04	-4.079858812490128628e+01
3.450954999999999728e+01	-5.157631306005730281e-04	-4.055671971341588034e+01
3.453859999999999530e+01	-5.455247170535772443e-04	-4.028306030809159211e+01
3.456765000000000043e+01	-5.805454276780671339e-04	-3.997311656372933442e+01
3.459669999999999845e+01	-6.223608820968176518e-04	-3.962140995121966824e+01
3.462574999999999648e+01	-6.731234874362564775e-04	-3.922121273699217880e+01
3.465479999999999450e+01	-7.359222865873348831e-04	-3.876419229168648428e+01
3.468384999999999962e+01	-8.153130247130376245e-04	-3.823992406499879593e+01
3.471289999999999765e+01	-9.182302900249805083e-04	-3.763521181716711084e+01
3.474194999999999567e+01	-1.055626956595286103e-03	-3.693311690150041215e+01
3.477100000000000080e+01	-1.245574701177254006e-03	-3.611153340963901570e+01
3.480004999999999882e+01	-1.519492391521996355e-03	-3.514102530208141673e+01
3.482909999999999684e+01	-1.935601953729696248e-03	-3.398140364278389569e+01
3.485814999999999486e+01	-2.610723698188667594e-03	-3.257601739599302704e+01
3.488719999999999999e+01	-3.804434922196493415e-03	-3.084156075283017628e+01
3.491624999999999801e+01	-6.177685592244561152e-03	-2.864815587275707642e+01
3.494529999999999603e+01	-1.177068669161790079e-02	-2.577524549567799639e+01
3.497435000000000116e+01	-2.906896668598229344e-02	-2.179406434740715781e+01
3.500339999999999918e+01	-1.192462265864667192e-01	-1.564220953467868647e+01
3.503244999999999720e+01	-6.956424754100458685e+00	-9.868608273352301730e-01
3.506149999999999523e+01	-1.403172807578772829e+00	-5.590818237828827364e+00
3.509055000000000035e+01	-1.277999967161298933e+00	-5.935622403793162860e+00
3.511959999999999837e+01	-1.426112666092142822e+00	-5.553324430964506675e+00
3.514864999999999640e+01	-5.839307774684117380e-02	-1.885212385964655724e+01
3.517769999999999442e+01	-1.188450480683283551e-02	-2.594606386651123131e+01
3.520674999999999955e+01	-4.233601512314983002e-03	-3.079904051702589385e+01
3.523579999999999757e+01	-2.093430514030470823e-03	-3.442108593211215606e+01
3.526484999999999559e+01	-1.296002992690802914e-03	-3.722471506676424724e+01
3.529390000000000072e+01	-9.391779037910645816e-04	-3.942978207045898387e+01
3.532294999999999874e+01	-7.582779838160621632e-04	-4.117521171241524058e+01
3.535199999999999676e+01	-6.583775894461121750e-04	-4.255930523528973453e+01
3.538104999999999478e+01	-6.000792440992075340e-04	-4.365654599182156659e+01
3.541009999999999991e+01	-5.650549639477333219e-04	-4.452539238766556196e+01
3.543914999999999793e+01	-5.438980177126220752e-04	-4.521237319163574853e+01
3.546819999999999595e+01	-5.312500051657041656e-04	-4.575461347896417408e+01
3.549725000000000108e+01	-5.235403390356760172e-04	-4.618164883286235067e+01
3.552629999999999910e+01	-5.175869295384354822e-04	-4.651685774691631536e+01
3.555534999999999712e+01	-5.089759891411737517e-04	-4.677863152623432086e+01
3.558439999999999515e+01	-4.882158985210951064e-04	-4.698132502911856534e+01
3.561345000000000027e+01	-4.260600870272575487e-04	-4.713600760259767242e+01
3.564249999999999829e+01	-1.849374021847588663e-04	-4.725102510165592662e+01
3.567154999999999632e+01	0.000000000000000000e+00	-4.733237609664769963e+01
3.570059999999999434e+01	0.000000000000000000e+00	-4.738389323589110802e+01
3.572964999999999947e+01	0.000000000000000000e+00	-4.740720628947967441e+01
3.575869999999999749e+01	-2.016074614980922330e-04	-4.740146728047618296e+01
3.578774999999999551e+01	-4.329659144614028676e-04	-4.736293454132203351e+01
3.581680000000000064e+01	-5.458581281774575571e-04	-4.728510793833037695e+01
3.584584999999999866e+01	-6.220022369572411267e-04	-4.716233549110600620e+01
3.587489999999999668e+01	-6.847190819162171649e-04	-4.700532273759385760e+01
3.590394999999999470e+01	-7.430967797954130850e-04	-4.687557244512439070e+01
3.593299999999999983e+01	-8.015970855888179640e-04	-4.688488369913571319e+01
3.596204999999999785e+01	-8.629220299730686397e-04	-4.706413366871437631e+01
3.599109999999999587e+01	-9.290743820277982869e-04	-4.730631604169285964e+01
3.602015000000000100e+01	-1.001827557865583428e-03	-4.751804818076493575e+01
3.604919999999999902e+01	-1.082977815035313920e-03	-4.767931071620377992e+01
3.607824999999999704e+01	-1.174514216950427008e-03	-4.780197204673840616e+01
3.610729999999999507e+01	-1.278764306489042421e-03	-4.790123687244140172e+01
3.613635000000000019e+01	-1.398545536114441205e-03	-4.798864095188496037e+01
3.616539999999999822e+01	-1.537342139142357060e-03	-4.807215443454033021e+01
3.619444999999999624e+01	-1.699523257387886054e-03	-4.815739696395972658e+01
3.622349999999999426e+01	-1.890615017576859676e-03	-4.824862534456444507e+01
3.625254999999999939e+01	-2.117631553786186640e-03	-4.834938995631617331e+01
3.628159999999999741e+01	-2.389447573896885148e-03	-4.846296525075568695e+01
3.631064999999999543e+01	-2.717134862846147352e-03	-4.859265306660087447e+01
3.633970000000000056e+01	-3.114038353633036445e-03	-4.874202662453153323e+01
3.636874999999999858e+01	-3.595030319804773736e-03	-4.891516198494124978e+01
3.639779999999999660e+01	-4.173674273039258351e-03	-4.911689448788358447e+01
3.642684999999999462e+01	-4.854766671063654240e-03	-4.935313841911298027e+01
3.645589999999999975e+01	-5.618283380071542772e-03	-4.963131897090978129e+01
3.648494999999999777e+01	-6.392152831464537749e-03	-4.996099016408996363e+01
3.651399999999999579e+01	-7.024462307748921379e-03	-5.035476058597589599e+01
3.654305000000000092e+01	-7.297764621592406006e-03	-5.082974296839842765e+01
3.657209999999999894e+01	-7.038067527086919531e-03	-5.140993573119182258e+01
3.660114999999999696e+01	-6.263825788246194654e-03	-5.213036335961172085e+01
3.663019999999999499e+01	-5.194651974533352236e-03	-5.304479814470574439e+01
3.665925000000000011e+01	-4.091554959909275181e-03	-5.424153537230199618e+01
3.668829999999999814e+01	-3.120389693015446567e-03	-5.587988870602657698e+01
3.671734999999999616e+01	-2.337263199867837572e-03	-5.829141077486929134e+01
3.674639999999999418e+01	-1.734226841304298532e-03	-6.235579414495751394e+01
3.677544999999999931e+01	-1.280414773493671575e-03	-7.162225033065161028e+01
3.680449999999999733e+01	-9.433123519769086350e-04	-6.598879751244294312e+01
3.683354999999999535e+01	-6.965822800108192794e-04	-5.785739093745920059e+01
3.686260000000000048e+01	-5.219771027186786896e-04	-5.293930063614737946e+01
3.689164999999999850e+01	-4.096957828548434643e-04	-4.918264583310029536e+01
3.692069999999999652e+01	-3.595297623912023944e-04	-4.597217304661874948e+01
3.694974999999999454e+01	-3.849279531106745544e-04	-4.302913906708442937e+01
3.697879999999999967e+01	-5.242269433082839478e-04	-4.018466047772675864e+01
3.700784999999999769e+01	-8.712658314554654320e-04	-3.730327733382027589e+01
3.703689999999999571e+01	-1.667798791062482513e-03	-3.423878920176990448e+01
3.706595000000000084e+01	-3.640715835960358325e-03	-3.078015278675280797e+01
3.709499999999999886e+01	-9.685214411589529102e-03	-2.652317071634006140e+01
3.712404999999999688e+01	-4.017388452302542157e-02	-2.036253592629538645e+01
3.715309999999999491e+01	-1.424578361002250215e+00	-5.537874860510538788e+00
3.718215000000000003e+01	-1.376448832101495601e-01	-1.506689871773277289e+01
3.721119999999999806e+01	-3.291973066970289852e-02	-2.122413106087338974e+01
3.724024999999999608e+01	-1.634606561065050229e-02	-2.425366019610071078e+01
3.726929999999999410e+01	-1.065390656874004235e-02	-2.610944523490688951e+01
3.729834999999999923e+01	-8.040406265458446833e-03	-2.733312248055709048e+01
3.732739999999999725e+01	-6.688029931784943323e-03	-2.813802536031302282e+01
3.735644999999999527e+01	-6.014307997195236094e-03	-2.860662139834276019e+01
3.738550000000000040e+01	-5.854846322697442040e-03	-2.873032616840820097e+01
3.741454999999999842e+01	-6.377895024872513516e-03	-2.835905826851120537e+01
3.744359999999999644e+01	-8.951167185239512422e-03	-2.686410355042275455e+01
3.747264999999999446e+01	-5.299382293553783763e-02	-1.900451714930898817e+01
3.750169999999999959e+01	-4.882091051041480148e-04	-3.921545519724867290e+01
3.753074999999999761e+01	-4.386711828972138824e-04	-4.111390044466531890e+01
3.755979999999999563e+01	-9.477467382174790782e-04	-3.730297974646232717e+01
3.758885000000000076e+01	-1.236024830655957927e-03	-3.608169412739804471e+01
3.761789999999999878e+01	-1.414021987444188597e-03	-3.549549538028224305e+01
3.764694999999999681e+01	-1.536490912101898081e-03	-3.515517713986986337e+01
3.767599999999999483e+01	-1.629438086695222596e-03	-3.493007436626884754e+01
3.770504999999999995e+01	-1.706188166856237353e-03	-3.476442541030260713e+01
3.773409999999999798e+01	-1.774065730835616651e-03	-3.463079812996249984e+01
3.776314999999999600e+01	-1.837337837265070077e-03	-3.451436483485287710e+01
3.779219999999999402e+01	-1.898614854857901988e-03	-3.440655928279493025e+01
3.782124999999999915e+01	-1.959564956887940423e-03	-3.430218284252377003e+01
3.785029999999999717e+01	-2.021300324504642521e-03	-3.419795889863270588e+01
3.787934999999999519e+01	-2.084596401346389474e-03	-3.409175864176776827e+01
3.790840000000000032e+01	-2.150021789415676281e-03	-3.398216295758106043e+01
3.793744999999999834e+01	-2.218018246395238834e-03	-3.386820320984641342e+01
3.796649999999999636e+01	-2.288951843280675330e-03	-3.374920212348322934e+01
3.799554999999999438e+01	-2.363147001362443048e-03	-3.362467304357708997e+01
3.802459999999999951e+01	-2.440910187296270201e-03	-3.349425443555302451e+01
3.805364999999999753e+01	-2.522547324963637580e-03	-3.335766628687875368e+01
3.808269999999999555e+01	-2.608377446129957460e-03	-3.321468045505252320e+01
3.811175000000000068e+01	-2.698744214283889560e-03	-3.306510007596375544e+01
3.814079999999999870e+01	-2.794026431555572329e-03	-3.290874495265854449e+01
3.816984999999999673e+01	-2.894648330243762557e-03	-3.274544093663006805e+01
3.819889999999999475e+01	-3.001090286877713953e-03	-3.257501199006375714e+01
3.822794999999999987e+01	-3.113900501768897006e-03	-3.239727404506863451e+01
3.825699999999999790e+01	-3.233708167087235175e-03	-3.221203005070251635e+01
3.828604999999999592e+01	-3.361238670330774728e-03	-3.201906577754812844e+01
3.831509999999999394e+01	-3.497331434466962631e-03	-3.181814606680624280e+01
3.834414999999999907e+01	-3.642961111643340522e-03	-3.160901128763698864e+01
3.837319999999999709e+01	-3.799262987281714146e-03	-3.139137381563740803e+01
3.840224999999999511e+01	-3.967563663299738391e-03	-3.116491437549678523e+01
3.843130000000000024e+01	-4.149418361334132957e-03	-3.092927810674656541e+01
3.846034999999999826e+01	-4.346656557976009971e-03	-3.068407021652557631e+01
3.848939999999999628e+01	-4.561438153049871512e-03	-3.042885107899603270e+01
3.851844999999999430e+01	-4.796323029690708999e-03	-3.016313062789915733e+01
3.854749999999999943e+01	-5.054357759477491087e-03	-2.988636186680490425e+01
3.857654999999999745e+01	-5.339184409579151268e-03	-2.959793328951460722e+01
3.860559999999999548e+01	-5.655178076171674291e-03	-2.929715995889164049e+01
3.863465000000000060e+01	-6.007622074940830240e-03	-2.898327293308345176e+01
3.866369999999999862e+01	-6.402932951840276804e-03	-2.865540664896528966e+01
3.869274999999999665e+01	-6.848952078870638484e-03	-2.831258376730501070e+01
3.872179999999999467e+01	-7.355327198480531535e-03	-2.795369684313678249e+01
3.875084999999999980e+01	-7.934016916880764353e-03	-2.757748599486043162e+01
3.877989999999999782e+01	-8.599965390113963049e-03	-2.718251148721408939e+01
3.880894999999999584e+01	-9.372015879840309149e-03	-2.676711978802855185e+01
3.883799999999999386e+01	-1.027416463780013445e-02	-2.632940116438319222e+01
3.886704999999999899e+01	-1.133730772403198847e-02	-2.586713618647450730e+01
3.889609999999999701e+01	-1.260171481620764831e-02	-2.537772750896808560e+01
3.892514999999999503e+01	-1.412059682299383716e-02	-2.485811184523367601e+01
3.895420000000000016e+01	-1.596535604980212769e-02	-2.430464489080753765e+01
3.898324999999999818e+01	-1.823348932592953192e-02	-2.371294867658616567e+01
3.901229999999999620e+01	-2.106079191663235914e-02	-2.307770573498408950e+01
3.904134999999999422e+01	-2.464075597324720882e-02	-2.239237629441237232e+01
3.907039999999999935e+01	-2.925644333181059986e-02	-2.164880117357623845e+01
3.909944999999999737e+01	-3.533489854666638924e-02	-2.083662968964402395e+01
3.912849999999999540e+01	-4.354429700855159957e-02	-1.994246982037281413e+01
3.915755000000000052e+01	-5.497685067669278586e-02	-1.894857853285579452e+01
3.918659999999999854e+01	-7.151594058899034267e-02	-1.783075382827339084e+01
3.921564999999999657e+01	-9.663342269304252274e-02	-1.655476915549893135e+01
3.924469999999999459e+01	-1.373021135000460358e-01	-1.507000842683979158e+01
3.927374999999999972e+01	-2.092182335623855027e-01	-1.329746697859010673e+01
3.930279999999999774e+01	-3.538171972107824192e-01	-1.110609233994178524e+01
3.933184999999999576e+01	-7.098464411474386671e-01	-8.267598389779649892e+00
3.936089999999999378e+01	-1.962387508821855420e+00	-4.433754434585009285e+00
3.938994999999999891e+01	-1.130482444834396105e+01	-3.412121453835887386e-01
3.941899999999999693e+01	-4.375587494555558621e+00	-2.092903367730546194e+00
3.944804999999999495e+01	-1.176571252975847193e+00	-6.413328612330996492e+00
3.947710000000000008e+01	-5.111789885276754042e-01	-9.706612499243846059e+00
3.950614999999999810e+01	-2.802184524662408305e-01	-1.217622308826233990e+01
3.953519999999999612e+01	-1.750392838276755292e-01	-1.412136039715678137e+01
3.956424999999999415e+01	-1.186324210874882545e-01	-1.571660845085736824e+01
3.959329999999999927e+01	-8.492258469006822019e-02	-1.706469308135267937e+01
3.962234999999999729e+01	-6.317755744090010339e-02	-1.822977385034550935e+01
3.965139999999999532e+01	-4.834258517833554814e-02	-1.925423038582107793e+01
3.968045000000000044e+01	-3.779115390895703558e-02	-2.016739047844710697e+01
3.970949999999999847e+01	-3.005330776627961747e-02	-2.099033855531364168e+01
3.973854999999999649e+01	-2.425769621934639048e-02	-2.173871649169463183e+01
3.976759999999999451e+01	-1.986387713858626947e-02	-2.242443646110551825e+01
3.979664999999999964e+01	-1.652423291228876517e-02	-2.305677307136431864e+01
3.982569999999999766e+01	-1.400829420445692808e-02	-2.364308503396667760e+01
3.985474999999999568e+01	-1.215904199738400068e-02	-2.418930690501393599e+01
3.988379999999999370e+01	-1.086648839102100431e-02	-2.470029319162079418e+01
3.991284999999999883e+01	-1.005104816287987445e-02	-2.518006481152209730e+01
3.994189999999999685e+01	-9.652718704787652954e-03	-2.563198926446679593e+01
3.997094999999999487e+01	-9.623874741240729530e-03	-2.605891475547282710e+01
4.000000000000000000e+01	-9.924431714382670258e-03	-2.646327166809258102e+01
