Frequency	S11(dB)	S21(dB)
1.095000000000000107e+01	-3.720924226823625684e-05	-1.227390385345804589e+02
1.097905000000000086e+01	0.000000000000000000e+00	-1.226758188405587049e+02
1.100810000000000066e+01	0.000000000000000000e+00	-1.226114926951730553e+02
1.103715000000000046e+01	0.000000000000000000e+00	-1.225460770908866266e+02
1.106620000000000026e+01	0.000000000000000000e+00	-1.224795893759435330e+02
1.109525000000000183e+01	0.000000000000000000e+00	-1.224120472164787827e+02
1.112430000000000163e+01	-9.643274665532871356e-16	-1.223434685587628792e+02
1.115335000000000143e+01	0.000000000000000000e+00	-1.222738715922103125e+02
1.118240000000000123e+01	0.000000000000000000e+00	-1.222032747130134567e+02
1.121145000000000103e+01	0.000000000000000000e+00	-1.221316964876633193e+02
1.124050000000000082e+01	-1.928654933106574271e-15	-1.220591556186099069e+02
1.126955000000000062e+01	0.000000000000000000e+00	-1.219856709098292242e+02
1.129860000000000042e+01	0.000000000000000000e+00	-1.219112612334270551e+02
1.132765000000000022e+01	-9.643274665532871356e-16	-1.218359454978345724e+02
1.135670000000000179e+01	-9.643274665532871356e-16	-1.217597426164351191e+02
1.138575000000000159e+01	0.000000000000000000e+00	-1.216826714780374488e+02
1.141480000000000139e+01	0.000000000000000000e+00	-1.216047509181322397e+02
1.144385000000000119e+01	0.000000000000000000e+00	-1.215259996905943609e+02
1.147290000000000099e+01	0.000000000000000000e+00	-1.214464364435462329e+02
1.150195000000000078e+01	0.000000000000000000e+00	-1.213660796922157772e+02
1.153100000000000058e+01	0.000000000000000000e+00	-1.212849477969422338e+02
1.156005000000000038e+01	-9.643274665532871356e-16	-1.212030589400943370e+02
1.158910000000000018e+01	0.000000000000000000e+00	-1.211204311062439132e+02
1.161815000000000175e+01	-9.643274665532871356e-16	-1.210370820611272933e+02
1.164720000000000155e+01	-9.643274665532871356e-16	-1.209530293348218777e+02
1.167625000000000135e+01	0.000000000000000000e+00	-1.208682902034431095e+02
1.170530000000000115e+01	0.000000000000000000e+00	-1.207828816746906853e+02
1.173435000000000095e+01	0.000000000000000000e+00	-1.206968204726611447e+02
1.176340000000000074e+01	0.000000000000000000e+00	-1.206101230252823200e+02
1.179245000000000054e+01	0.000000000000000000e+00	-1.205228054506532231e+02
1.182150000000000034e+01	0.000000000000000000e+00	-1.204348835484281608e+02
1.185055000000000014e+01	0.000000000000000000e+00	-1.203463727882684111e+02
1.187960000000000171e+01	-9.643274665532871356e-16	-1.202572883025210615e+02
1.190865000000000151e+01	-1.928654933106574271e-15	-1.201676448773561248e+02
1.193770000000000131e+01	0.000000000000000000e+00	-1.200774569472822009e+02
1.196675000000000111e+01	-9.643274665532871356e-16	-1.199867385884414119e+02
1.199580000000000091e+01	0.000000000000000000e+00	-1.198955035145149566e+02
1.202485000000000070e+01	0.000000000000000000e+00	-1.198037650731379244e+02
1.205390000000000050e+01	-1.928654933106574271e-15	-1.197115362420902045e+02
1.208295000000000030e+01	-9.643274665532871356e-16	-1.196188296268343123e+02
1.211200000000000188e+01	0.000000000000000000e+00	-1.195256574605559763e+02
1.214105000000000167e+01	0.000000000000000000e+00	-1.194320316025583679e+02
1.217010000000000147e+01	0.000000000000000000e+00	-1.193379635369263525e+02
1.219915000000000127e+01	0.000000000000000000e+00	-1.192434643745367282e+02
1.222820000000000107e+01	0.000000000000000000e+00	-1.191485448548433936e+02
1.225725000000000087e+01	-9.643274665532871356e-16	-1.190532153445513330e+02
1.228630000000000067e+01	-9.643274665532871356e-16	-1.189574858431178086e+02
1.231535000000000046e+01	0.000000000000000000e+00	-1.188613659832843723e+02
1.234440000000000026e+01	-9.643274665532871356e-16	-1.187648650350023019e+02
1.237345000000000184e+01	-9.643274665532871356e-16	-1.186679919088134909e+02
1.240250000000000163e+01	-9.643274665532871356e-16	-1.185707551594589688e+02
1.243155000000000143e+01	0.000000000000000000e+00	-1.184731629906950587e+02
1.246060000000000123e+01	-1.928654933106574271e-15	-1.183752232593438691e+02
1.248965000000000103e+01	0.000000000000000000e+00	-1.182769434802807353e+02
1.251870000000000083e+01	0.000000000000000000e+00	-1.181783308322867896e+02
1.254775000000000063e+01	-9.643274665532871356e-16	-1.180793921621559974e+02
1.257680000000000042e+01	0.000000000000000000e+00	-1.179801339920411607e+02
1.260585000000000022e+01	-9.643274665532871356e-16	-1.178805625240854056e+02
1.263490000000000180e+01	-9.643274665532871356e-16	-1.177806836469940492e+02
1.266395000000000159e+01	-9.643274665532871356e-16	-1.176805029423688325e+02
1.269300000000000139e+01	0.000000000000000000e+00	-1.175800256911472985e+02
1.272205000000000119e+01	0.000000000000000000e+00	-1.174792568803983528e+02
1.275110000000000099e+01	-1.928654933106574271e-15	-1.173782012102712144e+02
1.278015000000000079e+01	-9.643274665532871356e-16	-1.172768631005855582e+02
1.280920000000000059e+01	-9.643274665532871356e-16	-1.171752466988091044e+02
1.283825000000000038e+01	-9.643274665532871356e-16	-1.170733558860433874e+02
1.286730000000000018e+01	-9.643274665532871356e-16	-1.169711942863644225e+02
1.289635000000000176e+01	1.928654933106573877e-15	-1.168687652724154020e+02
1.292540000000000155e+01	0.000000000000000000e+00	-1.167660719743494582e+02
1.295445000000000135e+01	-9.643274665532871356e-16	-1.166631172884011391e+02
1.298350000000000115e+01	-9.643274665532871356e-16	-1.165599038830574585e+02
1.301255000000000095e+01	0.000000000000000000e+00	-1.164564342085145370e+02
1.304160000000000075e+01	0.000000000000000000e+00	-1.163527105058182229e+02
1.307065000000000055e+01	0.000000000000000000e+00	-1.162487348140530941e+02
1.309970000000000034e+01	0.000000000000000000e+00	-1.161445089796393546e+02
1.312875000000000014e+01	0.000000000000000000e+00	-1.160400346656357726e+02
1.315780000000000172e+01	0.000000000000000000e+00	-1.159353133609695305e+02
1.318684999999999974e+01	0.000000000000000000e+00	-1.158303463901269339e+02
1.321590000000000131e+01	1.928654933106573877e-15	-1.157251349221082961e+02
1.324495000000000111e+01	0.000000000000000000e+00	-1.156196799815047882e+02
1.327400000000000091e+01	0.000000000000000000e+00	-1.155139824581969066e+02
1.330305000000000071e+01	-9.643274665532871356e-16	-1.154080431193301450e+02
1.333210000000000051e+01	-9.643274665532871356e-16	-1.153018626183005466e+02
1.336115000000000030e+01	-9.643274665532871356e-16	-1.151954415088480062e+02
1.339020000000000010e+01	0.000000000000000000e+00	-1.150887802548587615e+02
1.341925000000000168e+01	-9.643274665532871356e-16	-1.149818792447504450e+02
1.344829999999999970e+01	0.000000000000000000e+00	-1.148747388032210068e+02
1.347735000000000127e+01	-9.643274665532871356e-16	-1.147673592056250413e+02
1.350640000000000107e+01	0.000000000000000000e+00	-1.146597406912698744e+02
1.353545000000000087e+01	0.000000000000000000e+00	-1.145518834798707530e+02
1.356450000000000067e+01	0.000000000000000000e+00	-1.144437877862296062e+02
1.359355000000000047e+01	0.000000000000000000e+00	-1.143354538365150717e+02
1.362260000000000026e+01	0.000000000000000000e+00	-1.142268818864273214e+02
1.365165000000000006e+01	-9.643274665532871356e-16	-1.141180722391624869e+02
1.368070000000000164e+01	-9.643274665532871356e-16	-1.140090252642725233e+02
1.370974999999999966e+01	0.000000000000000000e+00	-1.138997414188177117e+02
1.373880000000000123e+01	1.928654933106573877e-15	-1.137902212681333936e+02
1.376785000000000103e+01	0.000000000000000000e+00	-1.136804655098742387e+02
1.379690000000000083e+01	-9.643274665532871356e-16	-1.135704749965091622e+02
1.382595000000000063e+01	-9.643274665532871356e-16	-1.134602507624638434e+02
1.385500000000000043e+01	-9.643274665532871356e-16	-1.133497940507764099e+02
1.388405000000000022e+01	-9.643274665532871356e-16	-1.132391063419630655e+02
1.391310000000000002e+01	0.000000000000000000e+00	-1.131281893849503035e+02
1.394215000000000160e+01	-5.759008748075495426e-06	-1.130170452296221271e+02
1.397119999999999962e+01	-3.879286750666099964e-05	-1.129056762616856133e+02
1.400025000000000119e+01	-7.139111194845488173e-05	-1.127940852395904585e+02
1.402930000000000099e+01	-1.035428740230367041e-04	-1.126822753339712193e+02
1.405835000000000079e+01	-1.352377876630872261e-04	-1.125702501694951536e+02
1.408740000000000059e+01	-1.664659792655428410e-04	-1.124580138696426701e+02
1.411645000000000039e+01	-1.972180571317363616e-04	-1.123455711039132439e+02
1.414550000000000018e+01	-2.274851042369367715e-04	-1.122329271388950644e+02
1.417454999999999998e+01	-2.572586651024037167e-04	-1.121200878917193506e+02
1.420360000000000156e+01	-2.865307410847573724e-04	-1.120070599876792130e+02
1.423264999999999958e+01	-3.152937769239579123e-04	-1.118938508209832037e+02
1.426170000000000115e+01	-3.435406556208871502e-04	-1.117804686202712361e+02
1.429075000000000095e+01	-3.712646861058472680e-04	-1.116669225168462276e+02
1.431980000000000075e+01	-3.984595967660153350e-04	-1.115532226190036624e+02
1.434885000000000055e+01	-4.251195242518284790e-04	-1.114393800893275568e+02
1.437790000000000035e+01	-4.512390082822182076e-04	-1.113254072280201825e+02
1.440695000000000014e+01	-4.768129816246182481e-04	-1.112113175606724411e+02
1.443599999999999994e+01	-5.018367600108054535e-04	-1.110971259313542561e+02
1.446505000000000152e+01	-5.263060341902707712e-04	-1.109828486014320958e+02
1.449409999999999954e+01	-5.502168641809597211e-04	-1.108685033541507607e+02
1.452315000000000111e+01	-5.735656701557848708e-04	-1.107541096047372378e+02
1.455220000000000091e+01	-5.963492244936420246e-04	-1.106396885174071372e+02
1.458125000000000071e+01	-6.185646394111054928e-04	-1.105252631271625461e+02
1.461030000000000051e+01	-6.402093693517963086e-04	-1.104108584708998251e+02
1.463935000000000031e+01	-6.612811918365307101e-04	-1.102965017201576359e+02
1.466840000000000011e+01	-6.817782077291962206e-04	-1.101822223273653520e+02
1.469744999999999990e+01	-7.016988306392540507e-04	-1.100680521705741768e+02
1.472650000000000148e+01	-7.210417790289456921e-04	-1.099540257111412558e+02
1.475554999999999950e+01	-7.398060715286787839e-04	-1.098401801550065215e+02
1.478460000000000107e+01	-7.579910195111952452e-04	-1.097265556193786153e+02
1.481365000000000087e+01	-7.755962138441471754e-04	-1.096131953055456023e+02
1.484270000000000067e+01	-7.926215286988785944e-04	-1.095001456787138068e+02
1.487175000000000047e+01	-8.090671029381969314e-04	-1.093874566484682873e+02
1.490080000000000027e+01	-8.249333408691902122e-04	-1.092751817550334295e+02
1.492985000000000007e+01	-8.402209068553227441e-04	-1.091633783605042822e+02
1.495889999999999986e+01	-8.549307131801460718e-04	-1.090521078338207985e+02
1.498795000000000144e+01	-8.690639139893965338e-04	-1.089414357437243694e+02
1.501699999999999946e+01	-8.826219016949682491e-04	-1.088314320451368928e+02
1.504605000000000103e+01	-8.956063018249243914e-04	-1.087221712607711765e+02
1.507510000000000083e+01	-9.080189649953744266e-04	-1.086137326587616911e+02
1.510415000000000063e+01	-9.198619537734766547e-04	-1.085062004183593558e+02
1.513320000000000043e+01	-9.311375525986963610e-04	-1.083996637837615964e+02
1.516225000000000023e+01	-9.418482434559889965e-04	-1.082942172025043561e+02
1.519130000000000180e+01	-9.519967161109938380e-04	-1.081899604417855585e+02
1.522034999999999982e+01	-9.615858477156425180e-04	-1.080869986820283657e+02
1.524940000000000140e+01	-9.706187119251673875e-04	-1.079854425813797434e+02
1.527844999999999942e+01	-9.790985592391084416e-04	-1.078854082983818898e+02
1.530750000000000099e+01	-9.870288190225822138e-04	-1.077870174921107775e+02
1.533655000000000079e+01	-9.944130982338487707e-04	-1.076903972518860542e+02
1.536560000000000059e+01	-1.001255167593761725e-03	-1.075956799958286183e+02
1.539465000000000039e+01	-1.007558953083534381e-03	-1.075030032999321747e+02
1.542370000000000019e+01	-1.013328546043488609e-03	-1.074125096707607128e+02
1.545275000000000176e+01	-1.018568183599737271e-03	-1.073243462356318645e+02
1.548179999999999978e+01	-1.023282248534765826e-03	-1.072386643661035066e+02
1.551085000000000136e+01	-1.027475269488707307e-03	-1.071556192220391779e+02
1.553989999999999938e+01	-1.031151903913390434e-03	-1.070753691957689568e+02
1.556895000000000095e+01	-1.034316946235801921e-03	-1.069980752830183519e+02
1.559800000000000075e+01	-1.036975313466057674e-03	-1.069239003450093008e+02
1.562705000000000055e+01	-1.039132047675288750e-03	-1.068530082972708328e+02
1.565610000000000035e+01	-1.040792304436951796e-03	-1.067855631793132574e+02
1.568515000000000015e+01	-1.041961353862713106e-03	-1.067217281582800723e+02
1.571420000000000172e+01	-1.042644573249538889e-03	-1.066616644342143161e+02
1.574324999999999974e+01	-1.042847442584368201e-03	-1.066055300792603191e+02
1.577230000000000132e+01	-1.042575542190756713e-03	-1.065534787856099541e+02
1.580134999999999934e+01	-1.041834550348468783e-03	-1.065056585921508940e+02
1.583040000000000092e+01	-1.040630224837688252e-03	-1.064622105293744738e+02
1.585945000000000071e+01	-1.038968421973032828e-03	-1.064232672886153210e+02
1.588850000000000051e+01	-1.036855077150467376e-03	-1.063889518423940217e+02
1.591755000000000031e+01	-1.034296201285329637e-03	-1.063593761095543755e+02
1.594660000000000011e+01	-1.031297883925249431e-03	-1.063346396474418896e+02
1.597565000000000168e+01	-1.027866276692287898e-03	-1.063148284033542268e+02
1.600469999999999970e+01	-1.024007609654024918e-03	-1.063000135650245284e+02
1.603375000000000128e+01	-1.019728165885122823e-03	-1.062902504981845340e+02
1.606279999999999930e+01	-1.015034292725912031e-03	-1.062855778167284626e+02
1.609185000000000088e+01	-1.009932394545883221e-03	-1.062860166061513922e+02
1.612089999999999890e+01	-1.004428924560130196e-03	-1.062915697886606239e+02
1.614995000000000047e+01	-9.985303843333718458e-04	-1.063022216750571403e+02
1.617900000000000205e+01	-9.922433226744651301e-04	-1.063179376900979491e+02
1.620805000000000007e+01	-9.855743284704178778e-04	-1.063386642709341174e+02
1.623710000000000164e+01	-9.785300301335946461e-04	-1.063643289562572960e+02
1.626614999999999966e+01	-9.711170919733615094e-04	-1.063948406483271754e+02
1.629520000000000124e+01	-9.633422063560949248e-04	-1.064300900439513242e+02
1.632424999999999926e+01	-9.552121002034924101e-04	-1.064699502082231106e+02
1.635330000000000084e+01	-9.467335186434742544e-04	-1.065142772967874976e+02
1.638235000000000241e+01	-9.379132354241914975e-04	-1.065629113881804102e+02
1.641140000000000043e+01	-9.287580438696583542e-04	-1.066156774194940482e+02
1.644044999999999845e+01	-9.192747479251731644e-04	-1.066723861861679268e+02
1.646950000000000003e+01	-9.094701728154565030e-04	-1.067328354133523902e+02
1.649855000000000160e+01	-8.993511506160810787e-04	-1.067968108420579796e+02
1.652759999999999962e+01	-8.889245195710121115e-04	-1.068640873348165883e+02
1.655665000000000120e+01	-8.781971253525547739e-04	-1.069344299721192897e+02
1.658569999999999922e+01	-8.671758195804515510e-04	-1.070075951222084853e+02
1.661475000000000080e+01	-8.558674489649244384e-04	-1.070833314787813322e+02
1.664379999999999882e+01	-8.442788587059299943e-04	-1.071613810445731474e+02
1.667285000000000039e+01	-8.324168894125057692e-04	-1.072414800473391381e+02
1.670190000000000197e+01	-8.202883746201365244e-04	-1.073233598091356669e+02
1.673094999999999999e+01	-8.079001329923305406e-04	-1.074067475309868485e+02
1.676000000000000156e+01	-7.952589808975317866e-04	-1.074913670213564671e+02
1.678904999999999959e+01	-7.823717100529656646e-04	-1.075769393429006868e+02
1.681810000000000116e+01	-7.692450967214372812e-04	-1.076631834131482748e+02
1.684714999999999918e+01	-7.558859005898705590e-04	-1.077498165432509012e+02
1.687620000000000076e+01	-7.423008559210649178e-04	-1.078365549214559280e+02
1.690525000000000233e+01	-7.284966768843282366e-04	-1.079231140584157487e+02
1.693430000000000035e+01	-7.144800459366686162e-04	-1.080092092205741494e+02
1.696334999999999837e+01	-7.002576217632640581e-04	-1.080945558137438525e+02
1.699239999999999995e+01	-6.858360314595590224e-04	-1.081788697805804986e+02
1.702145000000000152e+01	-6.712218679887786742e-04	-1.082618680007847729e+02
1.705049999999999955e+01	-6.564216899743446085e-04	-1.083432686911777267e+02
1.707955000000000112e+01	-6.414420186444821058e-04	-1.084227918340872350e+02
1.710859999999999914e+01	-6.262893382169263962e-04	-1.085001596502878556e+02
1.713765000000000072e+01	-6.109700935795193098e-04	-1.085750970893097360e+02
1.716669999999999874e+01	-5.954906832443963415e-04	-1.086473323889569826e+02
1.719575000000000031e+01	-5.798574633156653758e-04	-1.087165976667139233e+02
1.722480000000000189e+01	-5.640767443881206404e-04	-1.087826295816151969e+02
1.725384999999999991e+01	-5.481547859993964522e-04	-1.088451700376954534e+02
1.728290000000000148e+01	-5.320978002863430926e-04	-1.089039669454209331e+02
1.731194999999999951e+01	-5.159119494761091459e-04	-1.089587750331045299e+02
1.734100000000000108e+01	-4.996033369911623452e-04	-1.090093566960175195e+02
1.737004999999999910e+01	-4.831780159036819775e-04	-1.090554828799031526e+02
1.739910000000000068e+01	-4.666419795961481288e-04	-1.090969339893811565e+02
1.742815000000000225e+01	-4.500011641421689901e-04	-1.091335007957434442e+02
1.745720000000000027e+01	-4.332614453832672112e-04	-1.091649853468900346e+02
1.748624999999999829e+01	-4.164286353171880095e-04	-1.091912018452466668e+02
1.751529999999999987e+01	-3.995084846409200307e-04	-1.092119774884490653e+02
1.754435000000000144e+01	-3.825066787880958947e-04	-1.092271532454226133e+02
1.757339999999999947e+01	-3.654288340677444482e-04	-1.092365845568643863e+02
1.760245000000000104e+01	-3.482805000830875900e-04	-1.092401419377080458e+02
1.763149999999999906e+01	-3.310671557739763935e-04	-1.092377114676976788e+02
1.766055000000000064e+01	-3.137942085637005418e-04	-1.092291951544952866e+02
1.768959999999999866e+01	-2.964669927459336399e-04	-1.092145111566439084e+02
1.771865000000000023e+01	-2.790907673394126183e-04	-1.091935938615093136e+02
1.774770000000000181e+01	-2.616707143737496966e-04	-1.091663938073085660e+02
1.777674999999999983e+01	-2.442119384251061607e-04	-1.091328774486120068e+02
1.780580000000000140e+01	-2.267194641701635234e-04	-1.090930267687156316e+02
1.783484999999999943e+01	-2.091982346344910205e-04	-1.090468387423344439e+02
1.786390000000000100e+01	-1.916531094274675649e-04	-1.089943246538903310e+02
1.789294999999999902e+01	-1.740888644314911543e-04	-1.089355092890549486e+02
1.792200000000000060e+01	-1.565101877302773996e-04	-1.088704300064434563e+02
1.795105000000000217e+01	-1.389216798951020443e-04	-1.087991357112890967e+02
1.798010000000000019e+01	-1.213278516422731002e-04	-1.087216857438108661e+02
1.800914999999999822e+01	-1.037331220210437727e-04	-1.086381487061297832e+02
1.803819999999999979e+01	-8.614181582527947101e-05	-1.085486012406682903e+02
1.806725000000000136e+01	-6.855816293963494588e-05	-1.084531267843238425e+02
1.809629999999999939e+01	-5.098629603482136092e-05	-1.083518143130340547e+02
1.812535000000000096e+01	-3.343024793119039271e-05	-1.082447570958641023e+02
1.815439999999999898e+01	-1.589395048697196433e-05	-1.081320514726989757e+02
1.818345000000000056e+01	0.000000000000000000e+00	-1.080137956702757975e+02
1.821249999999999858e+01	0.000000000000000000e+00	-1.078900886685378850e+02
1.824155000000000015e+01	0.000000000000000000e+00	-1.077610291262965632e+02
1.827060000000000173e+01	0.000000000000000000e+00	-1.076267143748478929e+02
1.829964999999999975e+01	0.000000000000000000e+00	-1.074872394848991775e+02
1.832870000000000132e+01	-9.643274665532871356e-16	-1.073426964103324508e+02
1.835774999999999935e+01	0.000000000000000000e+00	-1.071931732117641616e+02
1.838680000000000092e+01	1.928654933106573877e-15	-1.070387533586536222e+02
1.841584999999999894e+01	-9.643274665532871356e-16	-1.068795151112310435e+02
1.844490000000000052e+01	0.000000000000000000e+00	-1.067155309778323158e+02
1.847395000000000209e+01	0.000000000000000000e+00	-1.065468672458787438e+02
1.850300000000000011e+01	0.000000000000000000e+00	-1.063735835812831141e+02
1.853204999999999814e+01	-9.643274665532871356e-16	-1.061957326940728024e+02
1.856109999999999971e+01	0.000000000000000000e+00	-1.060133600619409009e+02
1.859015000000000128e+01	0.000000000000000000e+00	-1.058265037087789864e+02
1.861919999999999931e+01	0.000000000000000000e+00	-1.056351940324087479e+02
1.864825000000000088e+01	-9.643274665532871356e-16	-1.054394536756150842e+02
1.867729999999999890e+01	0.000000000000000000e+00	-1.052392974348158248e+02
1.870635000000000048e+01	0.000000000000000000e+00	-1.050347322025120747e+02
1.873539999999999850e+01	0.000000000000000000e+00	-1.048257569369574895e+02
1.876445000000000007e+01	0.000000000000000000e+00	-1.046123626549610464e+02
1.879350000000000165e+01	0.000000000000000000e+00	-1.043945324443537714e+02
1.882254999999999967e+01	0.000000000000000000e+00	-1.041722414883329861e+02
1.885160000000000124e+01	-9.643274665532871356e-16	-1.039454571023868255e+02
1.888064999999999927e+01	-9.643274665532871356e-16	-1.037141387765065588e+02
1.890970000000000084e+01	-9.643274665532871356e-16	-1.034782382209695868e+02
1.893874999999999886e+01	0.000000000000000000e+00	-1.032376994099704035e+02
1.896780000000000044e+01	-9.643274665532871356e-16	-1.029924586245230955e+02
1.899685000000000201e+01	-9.643274665532871356e-16	-1.027424444866914257e+02
1.902590000000000003e+01	0.000000000000000000e+00	-1.024875779844263093e+02
1.905494999999999806e+01	0.000000000000000000e+00	-1.022277724853058203e+02
1.908399999999999963e+01	0.000000000000000000e+00	-1.019629337342988862e+02
1.911305000000000121e+01	-9.643274665532871356e-16	-1.016929598347135482e+02
1.914209999999999923e+01	0.000000000000000000e+00	-1.014177412065001249e+02
1.917115000000000080e+01	0.000000000000000000e+00	-1.011371605250442940e+02
1.920020000000000238e+01	0.000000000000000000e+00	-1.008510926290665282e+02
1.922925000000000040e+01	0.000000000000000000e+00	-1.005594044030566891e+02
1.925829999999999842e+01	-9.643274665532871356e-16	-1.002619546236140877e+02
1.928734999999999999e+01	0.000000000000000000e+00	-9.995859377254535616e+01
1.931640000000000157e+01	0.000000000000000000e+00	-9.964916380710863564e+01
1.934544999999999959e+01	0.000000000000000000e+00	-9.933349788765626442e+01
1.937449999999999761e+01	0.000000000000000000e+00	-9.901142005464527074e+01
1.940354999999999919e+01	-9.643274665532871356e-16	-9.868274485253657247e+01
1.943260000000000076e+01	0.000000000000000000e+00	-9.834727689469829670e+01
1.946164999999999878e+01	0.000000000000000000e+00	-9.800481035904212490e+01
1.949070000000000036e+01	-9.643274665532871356e-16	-9.765512841304540359e+01
1.951975000000000193e+01	-9.643274665532871356e-16	-9.729800255748040172e+01
1.954879999999999995e+01	0.000000000000000000e+00	-9.693319187828657846e+01
1.957784999999999798e+01	-9.643274665532871356e-16	-9.656044219960485009e+01
1.960689999999999955e+01	0.000000000000000000e+00	-9.617948512635381064e+01
1.963595000000000113e+01	-9.643274665532871356e-16	-9.579003695904611959e+01
1.966499999999999915e+01	-9.643274665532871356e-16	-9.539179747384548591e+01
1.969405000000000072e+01	0.000000000000000000e+00	-9.498444854313162011e+01
1.972310000000000230e+01	-9.643274665532871356e-16	-9.456765258206959857e+01
1.975215000000000032e+01	0.000000000000000000e+00	-9.414105079941371912e+01
1.978119999999999834e+01	0.000000000000000000e+00	-9.370426122245470424e+01
1.981024999999999991e+01	-1.928654933106574271e-15	-9.325687647047786299e+01
1.983930000000000149e+01	0.000000000000000000e+00	-9.279846124124036066e+01
1.986834999999999951e+01	-1.928654933106574271e-15	-9.232854946732567214e+01
1.989739999999999753e+01	0.000000000000000000e+00	-9.184664109763873796e+01
1.992644999999999911e+01	0.000000000000000000e+00	-9.135219844633097352e+01
1.995550000000000068e+01	1.928654933106573877e-15	-9.084464204177150748e+01
1.998454999999999870e+01	0.000000000000000000e+00	-9.032334589668815283e+01
2.001360000000000028e+01	0.000000000000000000e+00	-8.978763210473957201e+01
2.004265000000000185e+01	0.000000000000000000e+00	-8.923676464708285039e+01
2.007169999999999987e+01	0.000000000000000000e+00	-8.866994227251724681e+01
2.010074999999999790e+01	0.000000000000000000e+00	-8.808629028143847961e+01
2.012979999999999947e+01	0.000000000000000000e+00	-8.748485100875875276e+01
2.015885000000000105e+01	-9.643274665532871356e-16	-8.686457275205663109e+01
2.018789999999999907e+01	-9.643274665532871356e-16	-8.622429683217342244e+01
2.021695000000000064e+01	-9.643274665532871356e-16	-8.556274239663594017e+01
2.024600000000000222e+01	0.000000000000000000e+00	-8.487848847484289649e+01
2.027505000000000024e+01	0.000000000000000000e+00	-8.416995266761350081e+01
2.030409999999999826e+01	-9.643274665532871356e-16	-8.343536568023677091e+01
2.033314999999999984e+01	-9.643274665532871356e-16	-8.267274068302526757e+01
2.036220000000000141e+01	0.000000000000000000e+00	-8.187983618048235712e+01
2.039124999999999943e+01	-9.643274665532871356e-16	-8.105411065629124323e+01
2.042029999999999745e+01	0.000000000000000000e+00	-8.019266669495277711e+01
2.044934999999999903e+01	-9.643274665532871356e-16	-7.929218149021410511e+01
2.047840000000000060e+01	0.000000000000000000e+00	-7.834881953218550166e+01
2.050744999999999862e+01	-9.643274665532871356e-16	-7.735812165642590799e+01
2.053650000000000020e+01	-9.643274665532871356e-16	-7.631486228344536471e+01
2.056555000000000177e+01	0.000000000000000000e+00	-7.521286315957594582e+01
2.059459999999999980e+01	0.000000000000000000e+00	-7.404474653572094667e+01
2.062364999999999782e+01	0.000000000000000000e+00	-7.280160230895324958e+01
2.065269999999999939e+01	0.000000000000000000e+00	-7.147253009600711948e+01
2.068175000000000097e+01	0.000000000000000000e+00	-7.004399466290701071e+01
2.071079999999999899e+01	0.000000000000000000e+00	-6.849889421003079804e+01
2.073985000000000056e+01	0.000000000000000000e+00	-6.681517084409912854e+01
2.076890000000000214e+01	-9.643274665532871356e-16	-6.496365944062131348e+01
2.079795000000000016e+01	-9.643274665532871356e-16	-6.290460250901553962e+01
2.082699999999999818e+01	0.000000000000000000e+00	-6.058167429311147600e+01
2.085604999999999976e+01	-9.643274665532871356e-16	-5.791095893500816771e+01
2.088510000000000133e+01	-1.928654933106574271e-15	-5.475853799130956645e+01
2.091414999999999935e+01	0.000000000000000000e+00	-5.088815796443849138e+01
2.094319999999999737e+01	0.000000000000000000e+00	-4.580989328418926476e+01
2.097224999999999895e+01	-9.643274665532871356e-16	-3.813332490949085241e+01
2.100130000000000052e+01	-1.377542413060374171e-01	-1.505911429546990377e+01
2.103034999999999854e+01	-2.967719985528942395e-02	-2.985356554191127643e+01
2.105940000000000012e+01	-3.724178499602816272e-02	-2.964191578646446601e+01
2.108845000000000169e+01	-9.257513474030362732e-02	-1.676048566437422238e+01
2.111749999999999972e+01	-9.643274665532871356e-16	-3.799135648519165898e+01
2.114654999999999774e+01	0.000000000000000000e+00	-4.540446412988152503e+01
2.117559999999999931e+01	-1.928654933106574271e-15	-5.028343639800978337e+01
2.120465000000000089e+01	-1.282028980168464789e-05	-5.397332155998051917e+01
2.123369999999999891e+01	-3.475672688274505901e-05	-5.695372532946781519e+01
2.126275000000000048e+01	-2.331708867654120484e-05	-5.945720116441110292e+01
2.129180000000000206e+01	0.000000000000000000e+00	-6.161601097058123599e+01
2.132085000000000008e+01	0.000000000000000000e+00	-6.351322800495597676e+01
2.134989999999999810e+01	-9.643274665532871356e-16	-6.520471574214830923e+01
2.137894999999999968e+01	0.000000000000000000e+00	-6.672996777779523825e+01
2.140800000000000125e+01	-9.643274665532871356e-16	-6.811799749789037151e+01
2.143704999999999927e+01	0.000000000000000000e+00	-6.939077845775962317e+01
2.146609999999999729e+01	0.000000000000000000e+00	-7.056537059051683514e+01
2.149514999999999887e+01	0.000000000000000000e+00	-7.165529503855432836e+01
2.152420000000000044e+01	-9.643274665532871356e-16	-7.267145678809391995e+01
2.155324999999999847e+01	-9.643274665532871356e-16	-7.362278340192317216e+01
2.158230000000000004e+01	-1.928654933106574271e-15	-7.451667906144299991e+01
2.161135000000000161e+01	-9.643274665532871356e-16	-7.535935476075970030e+01
2.164039999999999964e+01	0.000000000000000000e+00	-7.615607324902440212e+01
2.166944999999999766e+01	-9.643274665532871356e-16	-7.691133393161689469e+01
2.169849999999999923e+01	0.000000000000000000e+00	-7.762901462543125319e+01
2.172755000000000081e+01	0.000000000000000000e+00	-7.831248174947135965e+01
2.175659999999999883e+01	0.000000000000000000e+00	-7.896467705055654562e+01
2.178565000000000040e+01	-9.643274665532871356e-16	-7.958818663285082096e+01
2.181470000000000198e+01	0.000000000000000000e+00	-8.018529646591339599e+01
2.184375000000000000e+01	-9.643274665532871356e-16	-8.075803743851453476e+01
2.187279999999999802e+01	0.000000000000000000e+00	-8.130822224092443662e+01
2.190184999999999960e+01	0.000000000000000000e+00	-8.183747579663717886e+01
2.193090000000000117e+01	-9.643274665532871356e-16	-8.234726055501610631e+01
2.195994999999999919e+01	0.000000000000000000e+00	-8.283889765452940424e+01
2.198899999999999721e+01	-9.643274665532871356e-16	-8.331358474257343971e+01
2.201804999999999879e+01	0.000000000000000000e+00	-8.377241106757212208e+01
2.204710000000000036e+01	-9.643274665532871356e-16	-8.421637033096095593e+01
2.207614999999999839e+01	0.000000000000000000e+00	-8.464637168774544307e+01
2.210519999999999996e+01	0.000000000000000000e+00	-8.506324920745031193e+01
2.213425000000000153e+01	0.000000000000000000e+00	-8.546777004826536484e+01
2.216329999999999956e+01	-9.643274665532871356e-16	-8.586064154882731714e+01
2.219234999999999758e+01	-9.643274665532871356e-16	-8.624251740650365150e+01
2.222139999999999915e+01	0.000000000000000000e+00	-8.661400308023328876e+01
2.225045000000000073e+01	0.000000000000000000e+00	-8.697566053169374811e+01
2.227949999999999875e+01	0.000000000000000000e+00	-8.732801240155811229e+01
2.230855000000000032e+01	0.000000000000000000e+00	-8.767154569852989709e+01
2.233760000000000190e+01	0.000000000000000000e+00	-8.800671506961055002e+01
2.236664999999999992e+01	-9.643274665532871356e-16	-8.833394570679899971e+01
2.239569999999999794e+01	0.000000000000000000e+00	-8.865363593879651205e+01
2.242474999999999952e+01	0.000000000000000000e+00	-8.896615954749663047e+01
2.245380000000000109e+01	0.000000000000000000e+00	-8.927186784433727951e+01
2.248284999999999911e+01	0.000000000000000000e+00	-8.957109153574768357e+01
2.251189999999999714e+01	-9.643274665532871356e-16	-8.986414240447655288e+01
2.254094999999999871e+01	0.000000000000000000e+00	-9.015131482602896540e+01
2.257000000000000028e+01	-9.643274665532871356e-16	-9.043288714216396329e+01
2.259904999999999831e+01	0.000000000000000000e+00	-9.070912290634025510e+01
2.262809999999999988e+01	0.000000000000000000e+00	-9.098027201489750837e+01
2.265715000000000146e+01	1.928654933106573877e-15	-9.124657173888124362e+01
2.268619999999999948e+01	-9.643274665532871356e-16	-9.150824766405543187e+01
2.271524999999999750e+01	0.000000000000000000e+00	-9.176551455203184560e+01
2.274429999999999907e+01	0.000000000000000000e+00	-9.201857712800327249e+01
2.277335000000000065e+01	0.000000000000000000e+00	-9.226763080560141361e+01
2.280239999999999867e+01	-9.643274665532871356e-16	-9.251286235209038011e+01
2.283145000000000024e+01	-9.643274665532871356e-16	-9.275445050240229250e+01
2.286050000000000182e+01	0.000000000000000000e+00	-9.299256652626758068e+01
2.288954999999999984e+01	-9.643274665532871356e-16	-9.322737475274539065e+01
2.291859999999999786e+01	-9.643274665532871356e-16	-9.345903305563986407e+01
2.294764999999999944e+01	0.000000000000000000e+00	-9.368769330663155870e+01
2.297670000000000101e+01	-9.643274665532871356e-16	-9.391350179477812787e+01
2.300574999999999903e+01	0.000000000000000000e+00	-9.413659961861495162e+01
2.303479999999999706e+01	0.000000000000000000e+00	-9.435712305341539263e+01
2.306384999999999863e+01	-9.643274665532871356e-16	-9.457520389408990980e+01
2.309290000000000020e+01	0.000000000000000000e+00	-9.479096977699370541e+01
2.312194999999999823e+01	0.000000000000000000e+00	-9.500454448461991319e+01
2.315099999999999980e+01	0.000000000000000000e+00	-9.521604823012012275e+01
2.318005000000000138e+01	-9.643274665532871356e-16	-9.542559792785871764e+01
2.320909999999999940e+01	0.000000000000000000e+00	-9.563330745098897978e+01
2.323814999999999742e+01	-9.643274665532871356e-16	-9.583928787372346392e+01
2.326719999999999899e+01	-1.928654933106574271e-15	-9.604364770457378597e+01
2.329625000000000057e+01	-9.643274665532871356e-16	-9.624649310715660988e+01
2.332529999999999859e+01	0.000000000000000000e+00	-9.644792811418062684e+01
2.335435000000000016e+01	-1.928654933106574271e-15	-9.664805483155447519e+01
2.338340000000000174e+01	-9.643274665532871356e-16	-9.684697363605300779e+01
2.341244999999999976e+01	0.000000000000000000e+00	-9.704478336685944839e+01
2.344149999999999778e+01	0.000000000000000000e+00	-9.724158151048197851e+01
2.347054999999999936e+01	0.000000000000000000e+00	-9.743746438491510276e+01
2.349960000000000093e+01	0.000000000000000000e+00	-9.763252731244293159e+01
2.352864999999999895e+01	-9.643274665532871356e-16	-9.782686479935028956e+01
2.355769999999999698e+01	-9.643274665532871356e-16	-9.802057070443103726e+01
2.358674999999999855e+01	0.000000000000000000e+00	-9.821373841181866737e+01
2.361580000000000013e+01	0.000000000000000000e+00	-9.840646099906047084e+01
2.364484999999999815e+01	0.000000000000000000e+00	-9.859883140795517420e+01
2.367389999999999972e+01	0.000000000000000000e+00	-9.879094261330742199e+01
2.370295000000000130e+01	0.000000000000000000e+00	-9.898288779623501910e+01
2.373199999999999932e+01	0.000000000000000000e+00	-9.917476051403113502e+01
2.376104999999999734e+01	0.000000000000000000e+00	-9.936665487905573002e+01
2.379009999999999891e+01	-9.643274665532871356e-16	-9.955866573489288385e+01
2.381915000000000049e+01	0.000000000000000000e+00	-9.975088884118665078e+01
2.384819999999999851e+01	0.000000000000000000e+00	-9.994342106007620430e+01
2.387725000000000009e+01	-9.643274665532871356e-16	-1.001363605497083853e+02
2.390630000000000166e+01	-9.643274665532871356e-16	-1.003298069647247246e+02
2.393534999999999968e+01	0.000000000000000000e+00	-1.005238616603609501e+02
2.396439999999999770e+01	-9.643274665532871356e-16	-1.007186279098631871e+02
2.399344999999999928e+01	-9.643274665532871356e-16	-1.009142111258421153e+02
2.402250000000000085e+01	0.000000000000000000e+00	-1.011107190953912891e+02
2.405154999999999887e+01	-9.643274665532871356e-16	-1.013082622243625650e+02
2.408059999999999690e+01	-9.643274665532871356e-16	-1.015069537901270849e+02
2.410964999999999847e+01	0.000000000000000000e+00	-1.017069102144344868e+02
2.413870000000000005e+01	-9.643274665532871356e-16	-1.019082513436009947e+02
2.416774999999999807e+01	0.000000000000000000e+00	-1.021111007455658353e+02
2.419679999999999964e+01	0.000000000000000000e+00	-1.023155860257967902e+02
2.422585000000000122e+01	-9.643274665532871356e-16	-1.025218391543279211e+02
2.425489999999999924e+01	0.000000000000000000e+00	-1.027299968155653573e+02
2.428394999999999726e+01	0.000000000000000000e+00	-1.029402007749679484e+02
2.431299999999999883e+01	0.000000000000000000e+00	-1.031525982654806626e+02
2.434205000000000041e+01	-9.643274665532871356e-16	-1.033673423929358535e+02
2.437109999999999843e+01	0.000000000000000000e+00	-1.035845925634558000e+02
2.440015000000000001e+01	0.000000000000000000e+00	-1.038045149302497805e+02
2.442920000000000158e+01	0.000000000000000000e+00	-1.040272828559824347e+02
2.445824999999999960e+01	0.000000000000000000e+00	-1.042530773995958384e+02
2.448729999999999762e+01	0.000000000000000000e+00	-1.044820878116740204e+02
2.451634999999999920e+01	1.928654933106573877e-15	-1.047145120409151957e+02
2.454540000000000077e+01	-9.643274665532871356e-16	-1.049505572519602481e+02
2.457444999999999879e+01	-9.643274665532871356e-16	-1.051904403257425002e+02
2.460349999999999682e+01	-9.643274665532871356e-16	-1.054343883570283822e+02
2.463254999999999839e+01	0.000000000000000000e+00	-1.056826391100422029e+02
2.466159999999999997e+01	0.000000000000000000e+00	-1.059354414227922945e+02
2.469064999999999799e+01	0.000000000000000000e+00	-1.061930555212111926e+02
2.471969999999999956e+01	0.000000000000000000e+00	-1.064557532131031223e+02
2.474875000000000114e+01	-9.643274665532871356e-16	-1.067238178919672009e+02
2.477779999999999916e+01	-9.643274665532871356e-16	-1.069975442983904088e+02
2.480684999999999718e+01	1.928654933106573877e-15	-1.072772379194354784e+02
2.483589999999999876e+01	0.000000000000000000e+00	-1.075632139228373774e+02
2.486495000000000033e+01	0.000000000000000000e+00	-1.078557954384707926e+02
2.489399999999999835e+01	0.000000000000000000e+00	-1.081553109683501646e+02
2.492304999999999993e+01	0.000000000000000000e+00	-1.084620906400971165e+02
2.495210000000000150e+01	0.000000000000000000e+00	-1.087764608909620421e+02
2.498114999999999952e+01	0.000000000000000000e+00	-1.090987370903964973e+02
2.501019999999999754e+01	-9.643274665532871356e-16	-1.094292134007327633e+02
2.503924999999999912e+01	-9.643274665532871356e-16	-1.097681489966469712e+02
2.506830000000000069e+01	0.000000000000000000e+00	-1.101157494658047966e+02
2.509734999999999872e+01	0.000000000000000000e+00	-1.104721418890486291e+02
2.512639999999999674e+01	-9.643274665532871356e-16	-1.108373416544782799e+02
2.515544999999999831e+01	-9.643274665532871356e-16	-1.112112085598130164e+02
2.518449999999999989e+01	1.928654933106573877e-15	-1.115933892053637777e+02
2.521354999999999791e+01	0.000000000000000000e+00	-1.119832421211054623e+02
2.524259999999999948e+01	0.000000000000000000e+00	-1.123797417114535619e+02
2.527165000000000106e+01	-9.643274665532871356e-16	-1.127813571793607963e+02
2.530069999999999908e+01	0.000000000000000000e+00	-1.131859037349874768e+02
2.532974999999999710e+01	0.000000000000000000e+00	-1.135903663374106429e+02
2.535879999999999868e+01	0.000000000000000000e+00	-1.139907024316133004e+02
2.538785000000000025e+01	-9.643274665532871356e-16	-1.143816410275200610e+02
2.541689999999999827e+01	0.000000000000000000e+00	-1.147565125124891239e+02
2.544594999999999985e+01	0.000000000000000000e+00	-1.151071663781353323e+02
2.547500000000000142e+01	0.000000000000000000e+00	-1.154240580612070914e+02
2.550404999999999944e+01	0.000000000000000000e+00	-1.156965992773107246e+02
2.553309999999999746e+01	0.000000000000000000e+00	-1.159138482894846618e+02
2.556214999999999904e+01	0.000000000000000000e+00	-1.160655459906598423e+02
2.559120000000000061e+01	1.928654933106573877e-15	-1.161433773813712094e+02
2.562024999999999864e+01	-9.643274665532871356e-16	-1.161421951987131820e+02
2.564929999999999666e+01	0.000000000000000000e+00	-1.160608655229410004e+02
2.567834999999999823e+01	-9.643274665532871356e-16	-1.159024613960182819e+02
2.570739999999999981e+01	0.000000000000000000e+00	-1.156737377593769054e+02
2.573644999999999783e+01	0.000000000000000000e+00	-1.153840652012649883e+02
2.576549999999999940e+01	-1.644518673882552389e-06	-1.150441480379466697e+02
2.579455000000000098e+01	-3.248807900167012442e-06	-1.146648447169841916e+02
2.582359999999999900e+01	-4.796720739271052358e-06	-1.142562888010372291e+02
2.585264999999999702e+01	-6.288879796891560646e-06	-1.138273656434584211e+02
2.588169999999999860e+01	-7.725945341113316968e-06	-1.133854980657042830e+02
2.591075000000000017e+01	-9.108615719953451918e-06	-1.129366507215361253e+02
2.593979999999999819e+01	-1.043762781554773345e-05	-1.124854625429700548e+02
2.596884999999999977e+01	-1.171375752051383860e-05	-1.120354369799467378e+02
2.599790000000000134e+01	-1.293782034546081518e-05	-1.115891442118883958e+02
2.602694999999999936e+01	-1.411067203421088351e-05	-1.111484097608472297e+02
2.605599999999999739e+01	-1.523320948760424314e-05	-1.107144780246098037e+02
2.608504999999999896e+01	-1.630637156676076417e-05	-1.102881476702357730e+02
2.611410000000000053e+01	-1.733114014513659529e-05	-1.098698803533410597e+02
2.614314999999999856e+01	-1.830854134187295137e-05	-1.094598861524444828e+02
2.617219999999999658e+01	-1.923964685832648877e-05	-1.090581897012141610e+02
2.620124999999999815e+01	-2.012557558461047232e-05	-1.086646807664626380e+02
2.623029999999999973e+01	-2.096749521095628134e-05	-1.082791526163920821e+02
2.625934999999999775e+01	-2.176662445431608059e-05	-1.079013308657313530e+02
2.628839999999999932e+01	-2.252423522999777268e-05	-1.075308950303594031e+02
2.631745000000000090e+01	-2.324165528521313220e-05	-1.071674944983005275e+02
2.634649999999999892e+01	-2.392027122510768206e-05	-1.068107602574338841e+02
2.637554999999999694e+01	-2.456153196791706800e-05	-1.064603134080633851e+02
2.640459999999999852e+01	-2.516695245277778597e-05	-1.061157712406204325e+02
2.643365000000000009e+01	-2.573811829258159821e-05	-1.057767514768998183e+02
2.646269999999999811e+01	-2.627669085595735549e-05	-1.054428751230957459e+02
2.649174999999999969e+01	-2.678441281116776307e-05	-1.051137682595843899e+02
2.652080000000000126e+01	-2.726311519172054516e-05	-1.047890630465996367e+02
2.654984999999999928e+01	-2.771472487471461394e-05	-1.044683981141019871e+02
2.657889999999999731e+01	-2.814127342757320974e-05	-1.041514184790461428e+02
2.660794999999999888e+01	-2.854490739163210457e-05	-1.038377751058914384e+02
2.663700000000000045e+01	-2.892790018387797927e-05	-1.035271241561788855e+02
2.666604999999999848e+01	-2.929266559272943729e-05	-1.032191260113500846e+02
2.669509999999999650e+01	-2.964177397394921056e-05	-1.029134440660125733e+02
2.672414999999999807e+01	-2.997797071177589839e-05	-1.026097433276307100e+02
2.675319999999999965e+01	-3.030419816226229159e-05	-1.023076888128028514e+02
2.678224999999999767e+01	-3.062362123118699756e-05	-1.020069437323892885e+02
2.681129999999999924e+01	-3.093965767141432688e-05	-1.017071674379297122e+02
2.684035000000000082e+01	-3.125601378534553245e-05	-1.014080130910197397e+02
2.686939999999999884e+01	-3.157672715832803473e-05	-1.011091249923632915e+02
2.689844999999999686e+01	-3.190621767665944875e-05	-1.008101355041328162e+02
2.692749999999999844e+01	-3.224934854091789067e-05	-1.005106614598299473e+02
2.695655000000000001e+01	-3.261150032384454588e-05	-1.002102999187515167e+02
2.698559999999999803e+01	-3.299866090310552236e-05	-9.990862309850450629e+01
2.701464999999999606e+01	-3.341753496523470384e-05	-9.960517224477760578e+01
2.704370000000000118e+01	-3.387567959291447160e-05	-9.929945012336079913e+01
2.707274999999999920e+01	-3.438167153357655055e-05	-9.899091170227600855e+01
2.710179999999999723e+01	-3.494531667601842779e-05	-9.867895244723028725e+01
2.713085000000000235e+01	-3.557791390883301239e-05	-9.836289343793174567e+01
2.715990000000000038e+01	-3.629259039182169819e-05	-9.804196217273214131e+01
2.718894999999999840e+01	-3.710473252242271335e-05	-9.771526750855913690e+01
2.721799999999999642e+01	-3.803254490250663848e-05	-9.738176648864333629e+01
2.724705000000000155e+01	-3.909778499789345879e-05	-9.704021981752168813e+01
2.727609999999999957e+01	-4.032674054885636788e-05	-9.668913124234576628e+01
2.730514999999999759e+01	-4.175154872598071042e-05	-9.632666379259832468e+01
2.733419999999999561e+01	-4.341200545408481265e-05	-9.595052222700722666e+01
2.736325000000000074e+01	-4.535809036542514614e-05	-9.555778543293678240e+01
2.739229999999999876e+01	-4.765356089676323195e-05	-9.514466347110746369e+01
2.742134999999999678e+01	-5.038118284412661674e-05	-9.470613939555246930e+01
2.745040000000000191e+01	-5.365053728950863645e-05	-9.423543203595762918e+01
2.747944999999999993e+01	-5.761001365959913980e-05	-9.372317633129263470e+01
2.750849999999999795e+01	-6.246586025244115978e-05	-9.315615172536851674e+01
2.753754999999999598e+01	-6.851365328853868935e-05	-9.251527853011432967e+01
2.756660000000000110e+01	-7.619275343404341753e-05	-9.177241686854318914e+01
2.759564999999999912e+01	-8.618598376805451579e-05	-9.088518963834036413e+01
2.762469999999999715e+01	-9.961515857819248899e-05	-8.978849498235432236e+01
2.765375000000000227e+01	-1.184597370091818724e-04	-8.838020776644447096e+01
2.768280000000000030e+01	-1.465619947494738412e-04	-8.649520646317125738e+01
2.771184999999999832e+01	-1.924492742396835066e-04	-8.384850146707918839e+01
2.774089999999999634e+01	-2.792709374231793114e-04	-7.986056603781422325e+01
2.776995000000000147e+01	-4.938638629459233620e-04	-7.276718998481123890e+01
2.779899999999999949e+01	-9.984984620418795899e-04	-5.901591431061100224e+01
2.782804999999999751e+01	0.000000000000000000e+00	-7.290424790875631800e+01
2.785709999999999553e+01	0.000000000000000000e+00	-7.698040106609015254e+01
2.788615000000000066e+01	0.000000000000000000e+00	-7.874350888220934053e+01
2.791519999999999868e+01	0.000000000000000000e+00	-7.941563839562607541e+01
2.794424999999999670e+01	0.000000000000000000e+00	-7.940661131323498978e+01
2.797330000000000183e+01	0.000000000000000000e+00	-7.887859530930802521e+01
2.800234999999999985e+01	0.000000000000000000e+00	-7.787107314545649217e+01
2.803139999999999787e+01	0.000000000000000000e+00	-7.632354684188379679e+01
2.806044999999999590e+01	0.000000000000000000e+00	-7.403391210788508658e+01
2.808950000000000102e+01	0.000000000000000000e+00	-7.048924671367699091e+01
2.811854999999999905e+01	0.000000000000000000e+00	-6.448527972605612035e+01
2.814759999999999707e+01	0.000000000000000000e+00	-6.346052980653677622e+01
2.817665000000000219e+01	-9.643274665532871356e-16	-7.055913268787180925e+01
2.820570000000000022e+01	0.000000000000000000e+00	-7.508535251722508974e+01
2.823474999999999824e+01	-9.643274665532871356e-16	-7.825811831841134847e+01
2.826379999999999626e+01	0.000000000000000000e+00	-8.071374220134693189e+01
2.829285000000000139e+01	0.000000000000000000e+00	-8.273432996516297067e+01
2.832189999999999941e+01	0.000000000000000000e+00	-8.446627766608129662e+01
2.835094999999999743e+01	0.000000000000000000e+00	-8.599503758788038965e+01
2.837999999999999545e+01	-9.643274665532871356e-16	-8.737489497270109950e+01
2.840905000000000058e+01	-9.643274665532871356e-16	-8.864257071589494785e+01
2.843809999999999860e+01	-9.643274665532871356e-16	-8.982411472178897327e+01
2.846714999999999662e+01	-9.643274665532871356e-16	-9.093867860879109344e+01
2.849620000000000175e+01	-9.643274665532871356e-16	-9.200069497911024996e+01
2.852524999999999977e+01	-1.928654933106574271e-15	-9.302117363091662128e+01
2.855429999999999779e+01	0.000000000000000000e+00	-9.400846685507599432e+01
2.858334999999999582e+01	0.000000000000000000e+00	-9.496868565728837552e+01
2.861240000000000094e+01	-9.643274665532871356e-16	-9.590586180324932286e+01
2.864144999999999897e+01	-1.928654933106574271e-15	-9.682190629039996566e+01
2.867049999999999699e+01	-9.643274665532871356e-16	-9.771639659822083956e+01
2.869955000000000211e+01	0.000000000000000000e+00	-9.858623129843317656e+01
2.872860000000000014e+01	0.000000000000000000e+00	-9.942522624805194198e+01
2.875764999999999816e+01	-1.928654933106574271e-15	-1.002237999215850550e+02
2.878669999999999618e+01	0.000000000000000000e+00	-1.009690031093785336e+02
2.881575000000000131e+01	0.000000000000000000e+00	-1.016452505132216402e+02
2.884479999999999933e+01	0.000000000000000000e+00	-1.022361038153867980e+02
2.887384999999999735e+01	0.000000000000000000e+00	-1.027271881758167495e+02
2.890289999999999537e+01	0.000000000000000000e+00	-1.031097440292588061e+02
2.893195000000000050e+01	0.000000000000000000e+00	-1.033836856221415843e+02
2.896099999999999852e+01	0.000000000000000000e+00	-1.035589153303384080e+02
2.899004999999999654e+01	-9.643274665532871356e-16	-1.036543630809802039e+02
2.901910000000000167e+01	-9.643274665532871356e-16	-1.036953624089814099e+02
2.904814999999999969e+01	0.000000000000000000e+00	-1.037106804767715715e+02
2.907719999999999771e+01	0.000000000000000000e+00	-1.037303967378709899e+02
2.910624999999999574e+01	0.000000000000000000e+00	-1.037852351725105535e+02
2.913530000000000086e+01	0.000000000000000000e+00	-1.039074728656781588e+02
2.916434999999999889e+01	0.000000000000000000e+00	-1.041334661867741431e+02
2.919339999999999691e+01	-1.928654933106574271e-15	-1.045081919261571386e+02
2.922245000000000203e+01	0.000000000000000000e+00	-1.050930646066864114e+02
2.925150000000000006e+01	-9.643274665532871356e-16	-1.059800320931439330e+02
2.928054999999999808e+01	0.000000000000000000e+00	-1.073180346608397571e+02
2.930959999999999610e+01	0.000000000000000000e+00	-1.093551539869746136e+02
2.933865000000000123e+01	-9.643274665532871356e-16	-1.123455767592504770e+02
2.936769999999999925e+01	0.000000000000000000e+00	-1.142745035179551678e+02
2.939674999999999727e+01	-1.928654933106574271e-15	-1.102127402499506417e+02
2.942579999999999529e+01	0.000000000000000000e+00	-1.052444041810717295e+02
2.945485000000000042e+01	-9.643274665532871356e-16	-1.012337681250874084e+02
2.948389999999999844e+01	0.000000000000000000e+00	-9.792152297011186590e+01
2.951294999999999646e+01	-9.643274665532871356e-16	-9.507013042667918512e+01
2.954200000000000159e+01	0.000000000000000000e+00	-9.254505742766811238e+01
2.957104999999999961e+01	0.000000000000000000e+00	-9.027630105489528489e+01
2.960009999999999764e+01	0.000000000000000000e+00	-8.823900567554713348e+01
2.962914999999999566e+01	0.000000000000000000e+00	-8.645320622265762722e+01
2.965820000000000078e+01	0.000000000000000000e+00	-8.500798072190434596e+01
2.968724999999999881e+01	-9.643274665532871356e-16	-8.414682737338237928e+01
2.971629999999999683e+01	-9.643274665532871356e-16	-8.460758900669297589e+01
2.974535000000000196e+01	0.000000000000000000e+00	-9.006201818268797865e+01
2.977439999999999998e+01	0.000000000000000000e+00	-8.223947980817511905e+01
2.980344999999999800e+01	-9.643274665532871356e-16	-6.775341473547562998e+01
2.983249999999999602e+01	0.000000000000000000e+00	-5.552485450800468669e+01
2.986155000000000115e+01	-4.723208015552984038e-04	-3.956297015419936258e+01
2.989059999999999917e+01	-1.392072088295605997e-02	-2.772726317451648725e+01
2.991964999999999719e+01	-1.611194600970949214e-02	-2.432496857108137078e+01
2.994869999999999521e+01	-3.868301535725607743e-03	-2.954959975518158899e+01
2.997775000000000034e+01	-4.006637469346971403e-04	-3.812639939257162780e+01
3.000679999999999836e+01	-1.741686539378850334e-04	-4.172603415109784208e+01
3.003584999999999638e+01	-1.310464953486860655e-04	-4.351289812598270856e+01
3.006490000000000151e+01	-1.264243142554542408e-04	-4.428993211947766895e+01
3.009394999999999953e+01	-1.389244805281517341e-04	-4.437719764887501128e+01
3.012299999999999756e+01	-1.668874959099924088e-04	-4.391851672479531032e+01
3.015204999999999558e+01	-2.174297984024904369e-04	-4.296839411554309152e+01
3.018110000000000070e+01	-3.103157103641257302e-04	-4.151793356769579901e+01
3.021014999999999873e+01	-4.978554249841942760e-04	-3.949032523987586529e+01
3.023919999999999675e+01	-9.441381468046842595e-04	-3.669872833618978802e+01
3.026825000000000188e+01	-2.357606375503917828e-03	-3.269918321965175778e+01
3.029729999999999990e+01	-1.070094540758379995e-02	-2.611048814767169191e+01
3.032634999999999792e+01	-3.403344714817791328e+00	-2.664282149884411144e+00
3.035539999999999594e+01	-2.400141230444995805e-02	-2.258813062851226405e+01
3.038445000000000107e+01	-9.116086145969294618e-03	-2.678319639862589696e+01
3.041349999999999909e+01	-7.983745228259286897e-03	-2.735514336938509317e+01
3.044254999999999711e+01	-1.477716064373056117e-02	-2.467950020003497258e+01
3.047159999999999513e+01	-6.144475685877641702e-01	-8.804795949417488998e+00
3.050065000000000026e+01	-9.972988094768093018e-03	-2.641194487318718132e+01
3.052969999999999828e+01	-1.545454408788052812e-03	-3.461171534032483521e+01
3.055874999999999631e+01	-5.072201303690428847e-04	-3.968558271798788439e+01
3.058780000000000143e+01	-2.336019174745142236e-04	-4.347833237397026807e+01
3.061684999999999945e+01	-1.340288971028225410e-04	-4.654546994789275516e+01
3.064589999999999748e+01	-9.042375168087321037e-05	-4.913570848884711495e+01
3.067494999999999550e+01	-6.885311811295024675e-05	-5.138429413789019407e+01
3.070400000000000063e+01	-5.720776828935727359e-05	-5.337396054688572633e+01
3.073304999999999865e+01	-5.048170703284390648e-05	-5.515949065889984126e+01
3.076209999999999667e+01	-4.636950395862059882e-05	-5.677928561229622062e+01
3.079115000000000180e+01	-4.371691474671059516e-05	-5.826144334859342422e+01
3.082019999999999982e+01	-4.190580681211405220e-05	-5.962722270146188208e+01
3.084924999999999784e+01	-4.058603721841862145e-05	-6.089314553446372003e+01
3.087829999999999586e+01	-3.954944894970959245e-05	-6.207233792001245831e+01
3.090735000000000099e+01	-3.866687059889998369e-05	-6.317542152538059241e+01
3.093639999999999901e+01	-3.785493235746025339e-05	-6.421112654376476314e+01
3.096544999999999703e+01	-3.705779118594580040e-05	-6.518672544037852390e+01
3.099449999999999505e+01	-3.623667126953141886e-05	-6.610834754397104973e+01
3.102355000000000018e+01	-3.536367206609437896e-05	-6.698121213551200981e+01
3.105259999999999820e+01	-3.441799208204889633e-05	-6.780980440639982021e+01
3.108164999999999623e+01	-3.338356392223676964e-05	-6.859801050333489059e+01
3.111070000000000135e+01	-3.224753788787169929e-05	-6.934922271564123264e+01
3.113974999999999937e+01	-3.099928863609684773e-05	-7.006642250718033438e+01
3.116879999999999740e+01	-2.962975208863850900e-05	-7.075224686374669147e+01
3.119784999999999542e+01	-2.813097498053980137e-05	-7.140904191172310789e+01
3.122690000000000055e+01	-2.649580426117427001e-05	-7.203890671522140110e+01
3.125594999999999857e+01	-2.471766991108894387e-05	-7.264372942227191743e+01
3.128499999999999659e+01	-2.279043129677579024e-05	-7.322521740485707653e+01
3.131405000000000172e+01	-2.070826744403639835e-05	-7.378492265984559140e+01
3.134309999999999974e+01	-1.846559793373044891e-05	-7.432426346276047013e+01
3.137214999999999776e+01	-1.605702571295380553e-05	-7.484454306834057036e+01
3.140119999999999578e+01	-1.347729551202174030e-05	-7.534696610845985276e+01
3.143025000000000091e+01	-1.072126377077382625e-05	-7.583265324064538504e+01
3.145929999999999893e+01	-7.783876929512781656e-06	-7.630265453847638923e+01
3.148834999999999695e+01	-4.660156123123821870e-06	-7.675796208768224460e+01
3.151739999999999498e+01	-1.345186571505216341e-06	-7.719952225866217077e+01
3.154645000000000010e+01	0.000000000000000000e+00	-7.762824817314042036e+01
3.157549999999999812e+01	0.000000000000000000e+00	-7.804503298182120830e+01
3.160454999999999615e+01	0.000000000000000000e+00	-7.845076474239674269e+01
3.163360000000000127e+01	0.000000000000000000e+00	-7.884634397113561022e+01
3.166264999999999930e+01	0.000000000000000000e+00	-7.923270539897147557e+01
3.169169999999999732e+01	-9.643274665532871356e-16	-7.961084620753310048e+01
3.172074999999999534e+01	0.000000000000000000e+00	-7.998186424935025229e+01
3.174980000000000047e+01	-9.643274665532871356e-16	-8.034701183586399509e+01
3.177884999999999849e+01	-9.643274665532871356e-16	-8.070777430191840551e+01
3.180789999999999651e+01	0.000000000000000000e+00	-8.106598910810781433e+01
3.183695000000000164e+01	-9.643274665532871356e-16	-8.142403359532947604e+01
3.186599999999999966e+01	-9.643274665532871356e-16	-8.178513397222729964e+01
3.189504999999999768e+01	-9.643274665532871356e-16	-8.215389948768051909e+01
3.192409999999999570e+01	-9.643274665532871356e-16	-8.253730141514589036e+01
3.195315000000000083e+01	0.000000000000000000e+00	-8.294660017011806019e+01
3.198219999999999885e+01	0.000000000000000000e+00	-8.340149829220749211e+01
3.201124999999999687e+01	0.000000000000000000e+00	-8.394022572047519759e+01
3.204029999999999490e+01	-9.643274665532871356e-16	-8.464846410755748707e+01
3.206935000000000002e+01	0.000000000000000000e+00	-8.576593451408325564e+01
3.209839999999999804e+01	0.000000000000000000e+00	-8.828401089298438364e+01
3.212744999999999607e+01	0.000000000000000000e+00	-8.929164778477642983e+01
3.215650000000000119e+01	0.000000000000000000e+00	-7.753177063659778412e+01
3.218554999999999922e+01	0.000000000000000000e+00	-8.073798799181622599e+01
3.221459999999999724e+01	0.000000000000000000e+00	-8.203665340121339966e+01
3.224364999999999526e+01	0.000000000000000000e+00	-8.278231400842591370e+01
3.227270000000000039e+01	0.000000000000000000e+00	-8.330535814141578044e+01
3.230174999999999841e+01	0.000000000000000000e+00	-8.371596843770450391e+01
3.233079999999999643e+01	0.000000000000000000e+00	-8.406098297773456807e+01
3.235985000000000156e+01	1.928654933106573877e-15	-8.436367725087443148e+01
3.238889999999999958e+01	-9.643274665532871356e-16	-8.463694615538611288e+01
3.241794999999999760e+01	-9.643274665532871356e-16	-8.488853312693078124e+01
3.244699999999999562e+01	-9.643274665532871356e-16	-8.512338849941833985e+01
3.247605000000000075e+01	-9.643274665532871356e-16	-8.534484067383432659e+01
3.250509999999999877e+01	1.928654933106573877e-15	-8.555522309424267746e+01
3.253414999999999679e+01	0.000000000000000000e+00	-8.575623076577565485e+01
3.256319999999999482e+01	0.000000000000000000e+00	-8.594913329321686035e+01
3.259224999999999994e+01	-9.643274665532871356e-16	-8.613490758312656226e+01
3.262129999999999797e+01	0.000000000000000000e+00	-8.631432348098047669e+01
3.265034999999999599e+01	-9.643274665532871356e-16	-8.648800074741018307e+01
3.267940000000000111e+01	-9.643274665532871356e-16	-8.665644798815030470e+01
3.270844999999999914e+01	0.000000000000000000e+00	-8.682008988571020325e+01
3.273749999999999716e+01	0.000000000000000000e+00	-8.697928664977578705e+01
3.276654999999999518e+01	0.000000000000000000e+00	-8.713434817252073117e+01
3.279560000000000031e+01	-9.643274665532871356e-16	-8.728554450653942354e+01
3.282464999999999833e+01	0.000000000000000000e+00	-8.743311374119998902e+01
3.285369999999999635e+01	0.000000000000000000e+00	-8.757726800760538310e+01
3.288275000000000148e+01	0.000000000000000000e+00	-8.771819811719625193e+01
3.291179999999999950e+01	0.000000000000000000e+00	-8.785607718826007329e+01
3.294084999999999752e+01	0.000000000000000000e+00	-8.799106351364801526e+01
3.296989999999999554e+01	0.000000000000000000e+00	-8.812330285250276063e+01
3.299895000000000067e+01	-9.643274665532871356e-16	-8.825293028041583909e+01
3.302799999999999869e+01	0.000000000000000000e+00	-8.838007169666252594e+01
3.305704999999999671e+01	0.000000000000000000e+00	-8.850484506449657829e+01
3.308609999999999474e+01	0.000000000000000000e+00	-8.862736143953945600e+01
3.311514999999999986e+01	0.000000000000000000e+00	-8.874772582977081470e+01
3.314419999999999789e+01	-9.643274665532871356e-16	-8.886603792149057313e+01
3.317324999999999591e+01	0.000000000000000000e+00	-8.898239269593075562e+01
3.320230000000000103e+01	0.000000000000000000e+00	-8.909688095705961075e+01
3.323134999999999906e+01	-9.643274665532871356e-16	-8.920958978788276283e+01
3.326039999999999708e+01	-9.643274665532871356e-16	-8.932060294604153228e+01
3.328944999999999510e+01	0.000000000000000000e+00	-8.943000121106464917e+01
3.331850000000000023e+01	0.000000000000000000e+00	-8.953786268962447537e+01
3.334754999999999825e+01	0.000000000000000000e+00	-8.964426308751173167e+01
3.337659999999999627e+01	0.000000000000000000e+00	-8.974927595218353815e+01
3.340565000000000140e+01	1.928654933106573877e-15	-8.985297289082708971e+01
3.343469999999999942e+01	-9.643274665532871356e-16	-8.995542376887863156e+01
3.346374999999999744e+01	0.000000000000000000e+00	-9.005669689035629233e+01
3.349279999999999546e+01	0.000000000000000000e+00	-9.015685916272130385e+01
3.352185000000000059e+01	0.000000000000000000e+00	-9.025597625134156488e+01
3.355089999999999861e+01	0.000000000000000000e+00	-9.035411272084516554e+01
3.357994999999999663e+01	0.000000000000000000e+00	-9.045133216818419442e+01
3.360899999999999466e+01	-9.643274665532871356e-16	-9.054769734858447805e+01
3.363804999999999978e+01	0.000000000000000000e+00	-9.064327029344582343e+01
3.366709999999999781e+01	-9.643274665532871356e-16	-9.073811242312598324e+01
3.369614999999999583e+01	0.000000000000000000e+00	-9.083228465515810512e+01
3.372520000000000095e+01	0.000000000000000000e+00	-9.092584750760553902e+01
3.375424999999999898e+01	-9.643274665532871356e-16	-9.101886120009943681e+01
3.378329999999999700e+01	-9.643274665532871356e-16	-9.111138575025711361e+01
3.381234999999999502e+01	0.000000000000000000e+00	-9.120348106943896482e+01
3.384140000000000015e+01	-1.928654933106574271e-15	-9.129520705523262336e+01
3.387044999999999817e+01	-9.643274665532871356e-16	-9.138662368322913210e+01
3.389949999999999619e+01	0.000000000000000000e+00	-9.147779109673764708e+01
3.392855000000000132e+01	-9.643274665532871356e-16	-9.156876969673211875e+01
3.395759999999999934e+01	0.000000000000000000e+00	-9.165962022897713268e+01
3.398664999999999736e+01	0.000000000000000000e+00	-9.175040387386945895e+01
3.401569999999999538e+01	0.000000000000000000e+00	-9.184118233222507399e+01
3.404475000000000051e+01	0.000000000000000000e+00	-9.193201791451716076e+01
3.407379999999999853e+01	0.000000000000000000e+00	-9.202297362647185253e+01
3.410284999999999656e+01	-9.643274665532871356e-16	-9.211411325801547889e+01
3.413189999999999458e+01	-9.643274665532871356e-16	-9.220550146978121120e+01
3.416094999999999970e+01	0.000000000000000000e+00	-9.229720388070491310e+01
3.418999999999999773e+01	0.000000000000000000e+00	-9.238928715538877157e+01
3.421904999999999575e+01	-9.643274665532871356e-16	-9.248181909079858087e+01
3.424810000000000088e+01	0.000000000000000000e+00	-9.257486870268918722e+01
3.427714999999999890e+01	-9.643274665532871356e-16	-9.266850631135537242e+01
3.430619999999999692e+01	-9.643274665532871356e-16	-9.276280362600820695e+01
3.433524999999999494e+01	-9.643274665532871356e-16	-9.285783382720291002e+01
3.436430000000000007e+01	-9.643274665532871356e-16	-9.295367164792949666e+01
3.439334999999999809e+01	0.000000000000000000e+00	-9.305039344924293232e+01
3.442239999999999611e+01	0.000000000000000000e+00	-9.314807729537619707e+01
3.445145000000000124e+01	-9.643274665532871356e-16	-9.324680301898166590e+01
3.448049999999999926e+01	0.000000000000000000e+00	-9.334665228450566588e+01
3.450954999999999728e+01	0.000000000000000000e+00	-9.344770863883353229e+01
3.453859999999999530e+01	1.928654933106573877e-15	-9.355005755430681802e+01
3.456765000000000043e+01	0.000000000000000000e+00	-9.365378645664273449e+01
3.459669999999999845e+01	0.000000000000000000e+00	-9.375898473917823139e+01
3.462574999999999648e+01	0.000000000000000000e+00	-9.386574375563016304e+01
3.465479999999999450e+01	-9.643274665532871356e-16	-9.397415679004451761e+01
3.468384999999999962e+01	0.000000000000000000e+00	-9.408431899861906800e+01
3.471289999999999765e+01	-9.643274665532871356e-16	-9.419632731745240051e+01
3.474194999999999567e+01	-9.643274665532871356e-16	-9.431028032722710464e+01
3.477100000000000080e+01	0.000000000000000000e+00	-9.442627807189680311e+01
3.480004999999999882e+01	-8.094049513342763342e-05	-9.454442181486420793e+01
3.482909999999999684e+01	-1.662192779847638450e-04	-9.466481372943601968e+01
3.485814999999999486e+01	-2.549224585432207377e-04	-9.478755650129386368e+01
3.488719999999999999e+01	-3.468975585048034768e-04	-9.491275283665858353e+01
3.491624999999999801e+01	-4.419586436006304173e-04	-9.504050485033221207e+01
3.494529999999999603e+01	-5.398843221799230633e-04	-9.517091331884813599e+01
3.497435000000000116e+01	-6.404158506504072914e-04	-9.530407676735859468e+01
3.500339999999999918e+01	-7.432555274075507493e-04	-9.544009036854237138e+01
3.503244999999999720e+01	-8.480653367528666461e-04	-9.557904461421887277e+01
3.506149999999999523e+01	-9.544659791731531940e-04	-9.572102372568193118e+01
3.509055000000000035e+01	-1.062036334371019948e-03	-9.586610375383628480e+01
3.511959999999999837e+01	-1.170313432596653460e-03	-9.601435032407098902e+01
3.514864999999999640e+01	-1.278793048561140859e-03	-9.616581596219344874e+01
3.517769999999999442e+01	-1.386930940701941667e-03	-9.632053694210951278e+01
3.520674999999999955e+01	-1.494144878659016407e-03	-9.647852957776899530e+01
3.523579999999999757e+01	-1.599817480829609107e-03	-9.663978588051649865e+01
3.526484999999999559e+01	-1.703299943199000589e-03	-9.680426849539800571e+01
3.529390000000000072e+01	-1.803916708658208530e-03	-9.697190482037424886e+01
3.532294999999999874e+01	-1.900971130289902345e-03	-9.714258020885453959e+01
3.535199999999999676e+01	-1.993752078916371379e-03	-9.731613015749329065e+01
3.538104999999999478e+01	-2.081541564458441913e-03	-9.749233137241915870e+01
3.541009999999999991e+01	-2.163623237760158285e-03	-9.767089162687314285e+01
3.543914999999999793e+01	-2.239291785416018706e-03	-9.785143831875708997e+01
3.546819999999999595e+01	-2.307863024920013811e-03	-9.803350566301890012e+01
3.549725000000000108e+01	-2.368684593390069960e-03	-9.821652046365093724e+01
3.552629999999999910e+01	-2.421147040299784572e-03	-9.839978643573567751e+01
3.555534999999999712e+01	-2.464695075114909338e-03	-9.858246704293748053e+01
3.558439999999999515e+01	-2.498838735754821405e-03	-9.876356681294396367e+01
3.561345000000000027e+01	-2.523164182564874292e-03	-9.894191101653575515e+01
3.564249999999999829e+01	-2.537343816654189649e-03	-9.911612346130752371e+01
3.567154999999999632e+01	-2.541145395111905729e-03	-9.928460188039544221e+01
3.570059999999999434e+01	-2.534439853265541432e-03	-9.944548996192048662e+01
3.572964999999999947e+01	-2.517207533213483388e-03	-9.959664442023928643e+01
3.575869999999999749e+01	-2.489542513686704255e-03	-9.973559462819301302e+01
3.578774999999999551e+01	-2.451654866339474711e-03	-9.985949130365617066e+01
3.581680000000000064e+01	-2.403870626277797642e-03	-9.996503973491684292e+01
3.584584999999999866e+01	-2.346629374873906906e-03	-1.000484125278009628e+02
3.587489999999999668e+01	-2.280479423900020307e-03	-1.001051376671617419e+02
3.590394999999999470e+01	-2.206070620684662600e-03	-1.001299610883322657e+02
3.593299999999999983e+01	-2.124144910905919389e-03	-1.001166907830117623e+02
3.596204999999999785e+01	-2.035524877649454341e-03	-1.000580436114707226e+02
3.599109999999999587e+01	-1.941100527685145653e-03	-9.994553752839286176e+01
3.602015000000000100e+01	-1.841814654981788202e-03	-9.976949876385700122e+01
3.604919999999999902e+01	-1.738647209321219928e-03	-9.951927702559316913e+01
3.607824999999999704e+01	-1.632599061766105888e-03	-9.918376410039995505e+01
3.610729999999999507e+01	-1.524675614919085345e-03	-9.875226764404143864e+01
3.613635000000000019e+01	-1.415870703877375935e-03	-9.821568579501716556e+01
3.616539999999999822e+01	-1.307151194320501850e-03	-9.756777717577277542e+01
3.619444999999999624e+01	-1.199442649919060192e-03	-9.680619459644842095e+01
3.622349999999999426e+01	-1.093616408810630693e-03	-9.593294491341863761e+01
3.625254999999999939e+01	-9.904783180215903302e-04	-9.495409735475932678e+01
3.628159999999999741e+01	-8.907593359503319800e-04	-9.387882190317940001e+01
3.631064999999999543e+01	-7.951081176816187810e-04	-9.271805409950547983e+01
3.633970000000000056e+01	-7.040856426269524303e-04	-9.148314428005745924e+01
3.636874999999999858e+01	-6.181618724907689700e-04	-9.018476056774835570e+01
3.639779999999999660e+01	-5.377143640796269155e-04	-8.883216139968612879e+01
3.642684999999999462e+01	-4.630287162886215549e-04	-8.743282189611221611e+01
3.645589999999999975e+01	-3.943006833195448709e-04	-8.599232766377295434e+01
3.648494999999999777e+01	-3.316397643500412144e-04	-8.451443387410452601e+01
3.651399999999999579e+01	-2.750740547985830323e-04	-8.300120291287804264e+01
3.654305000000000092e+01	-2.245561434809747645e-04	-8.145315921035273732e+01
3.657209999999999894e+01	-1.799698512759222147e-04	-7.986942282962681361e+01
3.660114999999999696e+01	-1.411376262444940610e-04	-7.824779955518295083e+01
3.663019999999999499e+01	-1.078284612453155402e-04	-7.658481433272064010e+01
3.665925000000000011e+01	-7.976628247608617730e-05	-7.487567816829253786e+01
3.668829999999999814e+01	-5.663889930362611029e-05	-7.311417714438556459e+01
3.671734999999999616e+01	-3.810787808550317976e-05	-7.129246646713863811e+01
3.674639999999999418e+01	-2.382023526686336294e-05	-6.940074171792973345e+01
3.677544999999999931e+01	-1.342396705977882707e-05	-6.742674142792448322e+01
3.680449999999999733e+01	-6.591938075645936834e-06	-6.535500472172704178e+01
3.683354999999999535e+01	-3.064605569537446678e-06	-6.316575502650856322e+01
3.686260000000000048e+01	-2.737208406743360375e-06	-6.083318541164319981e+01
3.689164999999999850e+01	-5.858800382502191893e-06	-5.832274152228698227e+01
3.692069999999999652e+01	-1.353706382866547316e-05	-5.558665330427902518e+01
3.694974999999999454e+01	-2.917491809239755910e-05	-5.255636304734680664e+01
3.697879999999999967e+01	-6.318570745754599483e-05	-4.913049657940960202e+01
3.700784999999999769e+01	-1.517907194344602024e-04	-4.517855765580262073e+01
3.703689999999999571e+01	-4.575070715840008889e-04	-3.987705681017976644e+01
3.706595000000000084e+01	-2.176944764290265726e-03	-3.303512263844462638e+01
3.709499999999999886e+01	-4.527769820868574741e-02	-1.985299109693941233e+01
3.712404999999999688e+01	-5.096524524137829859e-02	-1.933235624835060662e+01
3.715309999999999491e+01	-1.975247493138610963e-02	-2.343133250504775944e+01
3.718215000000000003e+01	-4.824264272481512683e-02	-1.955930362682492785e+01
3.721119999999999806e+01	-1.896181943934966418e-01	-1.369577257345233789e+01
3.724024999999999608e+01	-6.621709856528303940e-03	-2.826047045659252177e+01
3.726929999999999410e+01	-1.698533183624186937e-03	-3.436373255367345791e+01
3.729834999999999923e+01	-7.357330753576731431e-04	-3.831647258638155051e+01
3.732739999999999725e+01	-4.165414310427405990e-04	-4.120016420849353977e+01
3.735644999999999527e+01	-2.770555420035889383e-04	-4.341752513391629265e+01
3.738550000000000040e+01	-2.036685231418598849e-04	-4.516203384998576809e+01
3.741454999999999842e+01	-1.590621415485778882e-04	-4.653589444477724157e+01
3.744359999999999644e+01	-1.285287313894777495e-04	-4.758950880893269897e+01
3.747264999999999446e+01	-1.055867179884914438e-04	-4.833293718276956952e+01
3.750169999999999959e+01	-8.731442272986605663e-05	-4.873067505468219451e+01
3.753074999999999761e+01	-7.280659774644150347e-05	-4.869438074482381040e+01
3.755979999999999563e+01	-6.350257982014940225e-05	-4.804946576389356494e+01
3.758885000000000076e+01	-6.975327053725043319e-05	-4.618980813334496105e+01
3.761789999999999878e+01	-2.291936338409359406e-04	-4.068764439679626577e+01
3.764694999999999681e+01	-1.307492194321680434e-03	-3.534090742368532290e+01
3.767599999999999483e+01	-9.553777956007815559e-05	-4.995299454728546351e+01
3.770504999999999995e+01	-4.433368691805501371e-05	-5.568787389018724099e+01
3.773409999999999798e+01	-3.639297416029193649e-05	-5.722658117091518903e+01
3.776314999999999600e+01	-4.918445454039894029e-05	-5.399776213624590326e+01
3.779219999999999402e+01	-2.834884507095409038e-04	-4.153187978317230034e+01
3.782124999999999915e+01	-1.472521923835083267e-04	-4.628256466997403606e+01
3.785029999999999717e+01	-1.336645093631289049e-04	-5.273486893109628681e+01
3.787934999999999519e+01	-1.853963973882316943e-04	-5.536246982840218323e+01
3.790840000000000032e+01	-2.641479058438382026e-04	-5.679589623927401476e+01
3.793744999999999834e+01	-3.724858185409600378e-04	-5.768737611041391489e+01
3.796649999999999636e+01	-5.174669924290945877e-04	-5.828709509397967281e+01
3.799554999999999438e+01	-7.089537911561479867e-04	-5.871133185642396057e+01
3.802459999999999951e+01	-9.598991606082308767e-04	-5.902084136253068891e+01
3.805364999999999753e+01	-1.287012150638897328e-03	-5.925011645066263810e+01
3.808269999999999555e+01	-1.711478753063911794e-03	-5.942003662512306050e+01
3.811175000000000068e+01	-2.259372687418484925e-03	-5.954391819414362885e+01
3.814079999999999870e+01	-2.960993828389706962e-03	-5.963063693415484323e+01
3.816984999999999673e+01	-3.847592773058372464e-03	-5.968634028126113833e+01
3.819889999999999475e+01	-4.942786964562607098e-03	-5.971543441696209698e+01
3.822794999999999987e+01	-6.245134905908724179e-03	-5.972117844242801965e+01
3.825699999999999790e+01	-7.700413488734965395e-03	-5.970605622322160144e+01
3.828604999999999592e+01	-9.172210257140957917e-03	-5.967201792036863850e+01
3.831509999999999394e+01	-1.043872022481572709e-02	-5.962064308148475789e+01
3.834414999999999907e+01	-1.125144777213947685e-02	-5.955325580906859528e+01
3.837319999999999709e+01	-1.144803261453992797e-02	-5.947101081339283724e+01
3.840224999999999511e+01	-1.103626710195655669e-02	-5.937496263209743574e+01
3.843130000000000024e+01	-1.017278986530044046e-02	-5.926612667926305278e+01
3.846034999999999826e+01	-9.066279409407558207e-03	-5.914553881064239960e+01
3.848939999999999628e+01	-7.892774335048896583e-03	-5.901431884591291066e+01
3.851844999999999430e+01	-6.764414953401991747e-03	-5.887374170474319612e+01
3.854749999999999943e+01	-5.736749711635895366e-03	-5.872531434015057528e+01
3.857654999999999745e+01	-4.828154104680001078e-03	-5.857083780472626700e+01
3.860559999999999548e+01	-4.036872678480304434e-03	-5.841236930481521483e+01
3.863465000000000060e+01	-3.352119323175439293e-03	-5.825177423030483226e+01
3.866369999999999862e+01	-2.760225583746971599e-03	-5.808873160421619986e+01
3.869274999999999665e+01	-2.247643643587392270e-03	-5.791278442629270984e+01
3.872179999999999467e+01	-1.802206051525763464e-03	-5.767125589552527032e+01
3.875084999999999980e+01	-1.413505696899729127e-03	-5.714310634561064717e+01
3.877989999999999782e+01	-1.072871141737205504e-03	-5.566866918106788376e+01
3.880894999999999584e+01	-7.731804414681609037e-04	-5.335612149971475304e+01
3.883799999999999386e+01	-5.086302491527037182e-04	-5.264292107789528785e+01
3.886704999999999899e+01	-2.745119893452515713e-04	-5.283996989764069241e+01
3.889609999999999701e+01	-6.701494325118755816e-05	-5.295124340065672897e+01
3.892514999999999503e+01	0.000000000000000000e+00	-5.288733820708026201e+01
3.895420000000000016e+01	-9.643274665532871356e-16	-5.269621869303495743e+01
3.898324999999999818e+01	-9.643274665532871356e-16	-5.241633369277452914e+01
3.901229999999999620e+01	-9.643274665532871356e-16	-5.207061236695507489e+01
3.904134999999999422e+01	0.000000000000000000e+00	-5.167224946127894469e+01
3.907039999999999935e+01	0.000000000000000000e+00	-5.122878736548825884e+01
3.909944999999999737e+01	0.000000000000000000e+00	-5.074440182679850153e+01
3.912849999999999540e+01	-9.643274665532871356e-16	-5.022114992706284653e+01
3.915755000000000052e+01	0.000000000000000000e+00	-4.965965803328416683e+01
3.918659999999999854e+01	-9.643274665532871356e-16	-4.905950224404035964e+01
3.921564999999999657e+01	0.000000000000000000e+00	-4.841941167189861517e+01
3.924469999999999459e+01	-9.643274665532871356e-16	-4.773736197248052804e+01
3.927374999999999972e+01	1.928654933106573877e-15	-4.701059336567529101e+01
3.930279999999999774e+01	0.000000000000000000e+00	-4.623556869215208565e+01
3.933184999999999576e+01	0.000000000000000000e+00	-4.540787504999347135e+01
3.936089999999999378e+01	0.000000000000000000e+00	-4.452206300883915446e+01
3.938994999999999891e+01	-9.643274665532871356e-16	-4.357140741805709183e+01
3.941899999999999693e+01	0.000000000000000000e+00	-4.254756058994782109e+01
3.944804999999999495e+01	0.000000000000000000e+00	-4.144004815023449595e+01
3.947710000000000008e+01	-9.643274665532871356e-16	-4.023552300813739180e+01
3.950614999999999810e+01	0.000000000000000000e+00	-3.891662950135847865e+01
3.953519999999999612e+01	-1.581814957656152421e-04	-3.746020696276869444e+01
3.956424999999999415e+01	-6.430406294100780894e-04	-3.583430722616566300e+01
3.959329999999999927e+01	-1.394709098754690676e-03	-3.399292741738530310e+01
3.962234999999999729e+01	-2.670681640070171614e-03	-3.186593124200093641e+01
3.965139999999999532e+01	-5.125112408914327122e-03	-2.933756451670316423e+01
3.968045000000000044e+01	-1.079059956048063207e-02	-2.619301598115423602e+01
3.970949999999999847e+01	-2.852294042606810104e-02	-2.194879516993907487e+01
3.973854999999999649e+01	-1.402960898315201987e-01	-1.498825780291759813e+01
3.976759999999999451e+01	-1.062222567414525365e+00	-6.639722331737598182e+00
3.979664999999999964e+01	-3.225266028471987512e-01	-1.145891235142292075e+01
3.982569999999999766e+01	-7.964987843618975827e-02	-1.739992327602475441e+01
3.985474999999999568e+01	-4.845341967625308582e-02	-1.955040259974426320e+01
3.988379999999999370e+01	-1.244324467675415533e-02	-2.546341236890769721e+01
3.991284999999999883e+01	-3.099645946470705807e-02	-2.147107768691265761e+01
3.994189999999999685e+01	-3.968208137405442038e-02	-2.030715925736431160e+01
3.997094999999999487e+01	-6.725561543997173042e-02	-1.812612966419431615e+01
4.000000000000000000e+01	-2.401497025705527644e-01	-1.269524711338091372e+01
