Frequency	S11(dB)	S21(dB)
1.095000000000000107e+01	-6.793337062761563565e-05	-1.057832326226774171e+02
1.097905000000000086e+01	0.000000000000000000e+00	-1.056909269468495580e+02
1.100810000000000066e+01	0.000000000000000000e+00	-1.055981262213313698e+02
1.103715000000000046e+01	-9.643274665532871356e-16	-1.055048153001049798e+02
1.106620000000000026e+01	0.000000000000000000e+00	-1.054109786290136697e+02
1.109525000000000183e+01	0.000000000000000000e+00	-1.053166002302331776e+02
1.112430000000000163e+01	-9.643274665532871356e-16	-1.052216636853898848e+02
1.115335000000000143e+01	-9.643274665532871356e-16	-1.051261521194298751e+02
1.118240000000000123e+01	0.000000000000000000e+00	-1.050300481809532869e+02
1.121145000000000103e+01	-9.643274665532871356e-16	-1.049333340250512094e+02
1.124050000000000082e+01	0.000000000000000000e+00	-1.048359912937508085e+02
1.126955000000000062e+01	0.000000000000000000e+00	-1.047380010935142991e+02
1.129860000000000042e+01	0.000000000000000000e+00	-1.046393439772120360e+02
1.132765000000000022e+01	0.000000000000000000e+00	-1.045399999187467301e+02
1.135670000000000179e+01	0.000000000000000000e+00	-1.044399482910234411e+02
1.138575000000000159e+01	-9.643274665532871356e-16	-1.043391678424500242e+02
1.141480000000000139e+01	-9.643274665532871356e-16	-1.042376366696932450e+02
1.144385000000000119e+01	0.000000000000000000e+00	-1.041353321923029114e+02
1.147290000000000099e+01	-9.643274665532871356e-16	-1.040322311241165210e+02
1.150195000000000078e+01	0.000000000000000000e+00	-1.039283094428962926e+02
1.153100000000000058e+01	0.000000000000000000e+00	-1.038235423632895618e+02
1.156005000000000038e+01	0.000000000000000000e+00	-1.037179042999722611e+02
1.158910000000000018e+01	-9.643274665532871356e-16	-1.036113688383467490e+02
1.161815000000000175e+01	0.000000000000000000e+00	-1.035039086953426875e+02
1.164720000000000155e+01	-9.643274665532871356e-16	-1.033954956875672195e+02
1.167625000000000135e+01	-9.643274665532871356e-16	-1.032861006855986830e+02
1.170530000000000115e+01	0.000000000000000000e+00	-1.031756935798830170e+02
1.173435000000000095e+01	0.000000000000000000e+00	-1.030642432340798678e+02
1.176340000000000074e+01	0.000000000000000000e+00	-1.029517174440161256e+02
1.179245000000000054e+01	0.000000000000000000e+00	-1.028380828855070206e+02
1.182150000000000034e+01	1.928654933106573877e-15	-1.027233050707456954e+02
1.185055000000000014e+01	-9.643274665532871356e-16	-1.026073482944944573e+02
1.187960000000000171e+01	0.000000000000000000e+00	-1.024901755781772152e+02
1.190865000000000151e+01	0.000000000000000000e+00	-1.023717486163622539e+02
1.193770000000000131e+01	-9.643274665532871356e-16	-1.022520277131362150e+02
1.196675000000000111e+01	-9.643274665532871356e-16	-1.021309717255703475e+02
1.199580000000000091e+01	0.000000000000000000e+00	-1.020085379914564498e+02
1.202485000000000070e+01	0.000000000000000000e+00	-1.018846822676688078e+02
1.205390000000000050e+01	-9.643274665532871356e-16	-1.017593586494364502e+02
1.208295000000000030e+01	-9.643274665532871356e-16	-1.016325195054476325e+02
1.211200000000000188e+01	-9.643274665532871356e-16	-1.015041153877905629e+02
1.214105000000000167e+01	1.928654933106573877e-15	-1.013740949577443757e+02
1.217010000000000147e+01	0.000000000000000000e+00	-1.012424048981967815e+02
1.219915000000000127e+01	0.000000000000000000e+00	-1.011089898148431416e+02
1.222820000000000107e+01	0.000000000000000000e+00	-1.009737921531342693e+02
1.225725000000000087e+01	0.000000000000000000e+00	-1.008367520922410279e+02
1.228630000000000067e+01	-9.643274665532871356e-16	-1.006978074467828037e+02
1.231535000000000046e+01	0.000000000000000000e+00	-1.005568935589939201e+02
1.234440000000000026e+01	0.000000000000000000e+00	-1.004139431857394982e+02
1.237345000000000184e+01	-1.928654933106574271e-15	-1.002688863875844305e+02
1.240250000000000163e+01	-9.643274665532871356e-16	-1.001216504100773648e+02
1.243155000000000143e+01	0.000000000000000000e+00	-9.997215956406394355e+01
1.246060000000000123e+01	0.000000000000000000e+00	-9.982033509950007044e+01
1.248965000000000103e+01	-1.928654933106574271e-15	-9.966609508208301804e+01
1.251870000000000083e+01	-9.643274665532871356e-16	-9.950935426619437862e+01
1.254775000000000063e+01	-9.643274665532871356e-16	-9.935002396907805178e+01
1.257680000000000042e+01	0.000000000000000000e+00	-9.918801194287826206e+01
1.260585000000000022e+01	-9.643274665532871356e-16	-9.902322225874571870e+01
1.263490000000000180e+01	-9.643274665532871356e-16	-9.885555518537401554e+01
1.266395000000000159e+01	0.000000000000000000e+00	-9.868490708237494857e+01
1.269300000000000139e+01	0.000000000000000000e+00	-9.851117031329779650e+01
1.272205000000000119e+01	0.000000000000000000e+00	-9.833423315751160487e+01
1.275110000000000099e+01	0.000000000000000000e+00	-9.815397976613107289e+01
1.278015000000000079e+01	0.000000000000000000e+00	-9.797029013094616801e+01
1.280920000000000059e+01	0.000000000000000000e+00	-9.778304010354482045e+01
1.283825000000000038e+01	0.000000000000000000e+00	-9.759210146194351410e+01
1.286730000000000018e+01	0.000000000000000000e+00	-9.739734203522274925e+01
1.289635000000000176e+01	-9.643274665532871356e-16	-9.719862592374008159e+01
1.292540000000000155e+01	0.000000000000000000e+00	-9.699581380542910836e+01
1.295445000000000135e+01	-9.643274665532871356e-16	-9.678876337782064354e+01
1.298350000000000115e+01	0.000000000000000000e+00	-9.657732996449865936e+01
1.301255000000000095e+01	1.928654933106573877e-15	-9.636136730919126592e+01
1.304160000000000075e+01	0.000000000000000000e+00	-9.614072863498094534e+01
1.307065000000000055e+01	0.000000000000000000e+00	-9.591526799390608460e+01
1.309970000000000034e+01	0.000000000000000000e+00	-9.568484201279119361e+01
1.312875000000000014e+01	1.928654933106573877e-15	-9.544931210553487233e+01
1.315780000000000172e+01	1.928654933106573877e-15	-9.520854727751390101e+01
1.318684999999999974e+01	-9.643274665532871356e-16	-9.496242764324152574e+01
1.321590000000000131e+01	-9.643274665532871356e-16	-9.471084883962420520e+01
1.324495000000000111e+01	0.000000000000000000e+00	-9.445372753250856590e+01
1.327400000000000091e+01	0.000000000000000000e+00	-9.419100825885044515e+01
1.330305000000000071e+01	0.000000000000000000e+00	-9.392267189541989580e+01
1.333210000000000051e+01	0.000000000000000000e+00	-9.364874612380756957e+01
1.336115000000000030e+01	-9.643274665532871356e-16	-9.336931826079700159e+01
1.339020000000000010e+01	-9.643274665532871356e-16	-9.308455095595208206e+01
1.341925000000000168e+01	0.000000000000000000e+00	-9.279470124964848310e+01
1.344829999999999970e+01	0.000000000000000000e+00	-9.250014353621430985e+01
1.347735000000000127e+01	0.000000000000000000e+00	-9.220139697442488114e+01
1.350640000000000107e+01	-9.643274665532871356e-16	-9.189915778187807405e+01
1.353545000000000087e+01	-9.643274665532871356e-16	-9.159433666214555103e+01
1.356450000000000067e+01	-9.643274665532871356e-16	-9.128810119165200376e+01
1.359355000000000047e+01	0.000000000000000000e+00	-9.098192239640455625e+01
1.362260000000000026e+01	0.000000000000000000e+00	-9.067762363355429045e+01
1.365165000000000006e+01	-9.643274665532871356e-16	-9.037742850015609974e+01
1.368070000000000164e+01	-9.643274665532871356e-16	-9.008400240852914465e+01
1.370974999999999966e+01	0.000000000000000000e+00	-8.980048009708666257e+01
1.373880000000000123e+01	0.000000000000000000e+00	-8.953046866710435836e+01
1.376785000000000103e+01	0.000000000000000000e+00	-8.927801358898500439e+01
1.379690000000000083e+01	0.000000000000000000e+00	-8.904751441967825087e+01
1.382595000000000063e+01	0.000000000000000000e+00	-8.884357911980329447e+01
1.385500000000000043e+01	0.000000000000000000e+00	-8.867081231884385772e+01
1.388405000000000022e+01	-1.236195086347369188e-04	-8.853354418941199810e+01
1.391310000000000002e+01	-2.476921849872677317e-04	-8.843552179228966281e+01
1.394215000000000160e+01	-3.694419111108820280e-04	-8.837960018747301660e+01
1.397119999999999962e+01	-4.888397887350432337e-04	-8.836748081618686967e+01
1.400025000000000119e+01	-6.058593362245161523e-04	-8.839954398195399676e+01
1.402930000000000099e+01	-7.204764252070720854e-04	-8.847480823622441903e+01
1.405835000000000079e+01	-8.326692182276982475e-04	-8.859102491102876797e+01
1.408740000000000059e+01	-9.424181073003064322e-04	-8.874488878833827243e+01
1.411645000000000039e+01	-1.049705653741034783e-03	-8.893232482594871158e+01
1.414550000000000018e+01	-1.154516528952630140e-03	-8.914880232086491674e+01
1.417454999999999998e+01	-1.256837455781163477e-03	-8.938963204282190134e+01
1.420360000000000156e+01	-1.356657151510129791e-03	-8.965021506805183549e+01
1.423264999999999958e+01	-1.453966271896255189e-03	-8.992622783402056541e+01
1.426170000000000115e+01	-1.548757354938518679e-03	-9.021374196893140152e+01
1.429075000000000095e+01	-1.641024767289596051e-03	-9.050928668179744818e+01
1.431980000000000075e+01	-1.730764650360706348e-03	-9.080986618408827837e+01
1.434885000000000055e+01	-1.817974867840841703e-03	-9.111294536323285342e+01
1.437790000000000035e+01	-1.902654954324058297e-03	-9.141641550099708979e+01
1.440695000000000014e+01	-1.984806064185798153e-03	-9.171854936777266687e+01
1.443599999999999994e+01	-2.064430922428367107e-03	-9.201795244242879335e+01
1.446505000000000152e+01	-2.141533774803919959e-03	-9.231351468146650063e+01
1.449409999999999954e+01	-2.216120340759060534e-03	-9.260436553304282370e+01
1.452315000000000111e+01	-2.288197765628749263e-03	-9.288983353604962190e+01
1.455220000000000091e+01	-2.357774574396729380e-03	-9.316941102112289741e+01
1.458125000000000071e+01	-2.424860626301381886e-03	-9.344272388183996725e+01
1.461030000000000051e+01	-2.489467070194769684e-03	-9.370950608180896779e+01
1.463935000000000031e+01	-2.551606300532726843e-03	-9.396957837341163611e+01
1.466840000000000011e+01	-2.611291914200856903e-03	-9.422283072446450092e+01
1.469744999999999990e+01	-2.668538668580972949e-03	-9.446920788950571080e+01
1.472650000000000148e+01	-2.723362439739386836e-03	-9.470869765360879455e+01
1.475554999999999950e+01	-2.775780182612621466e-03	-9.494132127342952288e+01
1.478460000000000107e+01	-2.825809889729809666e-03	-9.516712576195850204e+01
1.481365000000000087e+01	-2.873470552432865442e-03	-9.538617768083115322e+01
1.484270000000000067e+01	-2.918782123716998425e-03	-9.559855818108381698e+01
1.487175000000000047e+01	-2.961765478382811546e-03	-9.580435900501079516e+01
1.490080000000000027e+01	-3.002442378519395647e-03	-9.600367936568203220e+01
1.492985000000000007e+01	-3.040835434451339900e-03	-9.619662345628918843e+01
1.495889999999999986e+01	-3.076968071969516955e-03	-9.638329847519486293e+01
1.498795000000000144e+01	-3.110864494735004777e-03	-9.656381314411461858e+01
1.501699999999999946e+01	-3.142549653518253959e-03	-9.673827652527279497e+01
1.504605000000000103e+01	-3.172049208802185747e-03	-9.690679713503212156e+01
1.507510000000000083e+01	-3.199389500747823380e-03	-9.706948228551786428e+01
1.510415000000000063e+01	-3.224597516332911810e-03	-9.722643760851184425e+01
1.513320000000000043e+01	-3.247700857908315634e-03	-9.737776671546939156e+01
1.516225000000000023e+01	-3.268727711410945262e-03	-9.752357097451289292e+01
1.519130000000000180e+01	-3.287706816757058736e-03	-9.766394937079141414e+01
1.522034999999999982e+01	-3.304667438965307093e-03	-9.779899844959247446e+01
1.524940000000000140e+01	-3.319639338032096768e-03	-9.792881230232616474e+01
1.527844999999999942e+01	-3.332652740710180875e-03	-9.805348259137146272e+01
1.530750000000000099e+01	-3.343738313568449597e-03	-9.817309861223347411e+01
1.533655000000000079e+01	-3.352927135190534019e-03	-9.828774737231387348e+01
1.536560000000000059e+01	-3.360250668905419291e-03	-9.839751369245512080e+01
1.539465000000000039e+01	-3.365740738110848795e-03	-9.850248030030975599e+01
1.542370000000000019e+01	-3.369429499620873493e-03	-9.860272794463779178e+01
1.545275000000000176e+01	-3.371349418712250683e-03	-9.869833550820115420e+01
1.548179999999999978e+01	-3.371533246369553139e-03	-9.878938011201236691e+01
1.551085000000000136e+01	-3.370013993363480710e-03	-9.887593721919816403e+01
1.553989999999999938e+01	-3.366824908164299870e-03	-9.895808073994390952e+01
1.556895000000000095e+01	-3.361999453751277501e-03	-9.903588311676871569e+01
1.559800000000000075e+01	-3.355571285803305836e-03	-9.910941541489782480e+01
1.562705000000000055e+01	-3.347574230372287515e-03	-9.917874739767661652e+01
1.565610000000000035e+01	-3.338042262658173689e-03	-9.924394759267178756e+01
1.568515000000000015e+01	-3.327009486888640212e-03	-9.930508335534567266e+01
1.571420000000000172e+01	-3.314510115639381430e-03	-9.936222091700355463e+01
1.574324999999999974e+01	-3.300578449909050745e-03	-9.941542542985395414e+01
1.577230000000000132e+01	-3.285248860176572059e-03	-9.946476099942076132e+01
1.580134999999999934e+01	-3.268555767646963602e-03	-9.951029070965270762e+01
1.583040000000000092e+01	-3.250533625467719179e-03	-9.955207664737001494e+01
1.585945000000000071e+01	-3.231216900711682619e-03	-9.959017990750106719e+01
1.588850000000000051e+01	-3.210640057827794484e-03	-9.962466060413541413e+01
1.591755000000000031e+01	-3.188837540793994143e-03	-9.965557786404107787e+01
1.594660000000000011e+01	-3.165843756910771689e-03	-9.968298982599040414e+01
1.597565000000000168e+01	-3.141693060673572159e-03	-9.970695362703270348e+01
1.600469999999999970e+01	-3.116419738080056321e-03	-9.972752538651002396e+01
1.603375000000000128e+01	-3.090057990347760616e-03	-9.974476018787483156e+01
1.606279999999999930e+01	-3.062641920737858847e-03	-9.975871205573508860e+01
1.609185000000000088e+01	-3.034205519852647363e-03	-9.976943393259504944e+01
1.612089999999999890e+01	-3.004782649180126435e-03	-9.977697764825479965e+01
1.614995000000000047e+01	-2.974407030332897311e-03	-9.978139389166673823e+01
1.617900000000000205e+01	-2.943112231137301905e-03	-9.978273218165176672e+01
1.620805000000000007e+01	-2.910931650448166531e-03	-9.978104083518675793e+01
1.623710000000000164e+01	-2.877898508971325417e-03	-9.977636693402081391e+01
1.626614999999999966e+01	-2.844045834924155761e-03	-9.976875629457312300e+01
1.629520000000000124e+01	-2.809406452177106057e-03	-9.975825343478474849e+01
1.632424999999999926e+01	-2.774012970771004560e-03	-9.974490154224737637e+01
1.635330000000000084e+01	-2.737897772759573765e-03	-9.972874244532498267e+01
1.638235000000000241e+01	-2.701093005019381942e-03	-9.970981658380659951e+01
1.641140000000000043e+01	-2.663630565506844641e-03	-9.968816297655149583e+01
1.644044999999999845e+01	-2.625542095864238663e-03	-9.966381919996562999e+01
1.646950000000000003e+01	-2.586858969770519569e-03	-9.963682135769325043e+01
1.649855000000000160e+01	-2.547612285163886308e-03	-9.960720406033395591e+01
1.652759999999999962e+01	-2.507832853460247122e-03	-9.957500039962215510e+01
1.655665000000000120e+01	-2.467551192414732270e-03	-9.954024193059677827e+01
1.658569999999999922e+01	-2.426797516706365697e-03	-9.950295865271417028e+01
1.661475000000000080e+01	-2.385601730259635095e-03	-9.946317899156443332e+01
1.664379999999999882e+01	-2.343993417733190865e-03	-9.942092978559554695e+01
1.667285000000000039e+01	-2.302001838547872332e-03	-9.937623627277025662e+01
1.670190000000000197e+01	-2.259655917829479256e-03	-9.932912207973849661e+01
1.673094999999999999e+01	-2.216984240391407703e-03	-9.927960921153643881e+01
1.676000000000000156e+01	-2.174015043890056148e-03	-9.922771804610451341e+01
1.678904999999999959e+01	-2.130776212952874109e-03	-9.917346732785780716e+01
1.681810000000000116e+01	-2.087295272326713559e-03	-9.911687416338128287e+01
1.684714999999999918e+01	-2.043599381470411359e-03	-9.905795402125902172e+01
1.687620000000000076e+01	-1.999715328719318258e-03	-9.899672072983072724e+01
1.690525000000000233e+01	-1.955669526250591005e-03	-9.893318647962399837e+01
1.693430000000000035e+01	-1.911488005352437059e-03	-9.886736182658412986e+01
1.696334999999999837e+01	-1.867196410623765245e-03	-9.879925569460272072e+01
1.699239999999999995e+01	-1.822819996258261480e-03	-9.872887538359205450e+01
1.702145000000000152e+01	-1.778383621811443181e-03	-9.865622657468171042e+01
1.705049999999999955e+01	-1.733911747697599020e-03	-9.858131334073739538e+01
1.707955000000000112e+01	-1.689428431349260544e-03	-9.850413815300905185e+01
1.710859999999999914e+01	-1.644957324210834237e-03	-9.842470189477924691e+01
1.713765000000000072e+01	-1.600521667917018066e-03	-9.834300387220602602e+01
1.716669999999999874e+01	-1.556144290980248767e-03	-9.825904182732449499e+01
1.719575000000000031e+01	-1.511847606694103350e-03	-9.817281195138920680e+01
1.722480000000000189e+01	-1.467653609334022228e-03	-9.808430890234511423e+01
1.725384999999999991e+01	-1.423583872918401808e-03	-9.799352581673352347e+01
1.728290000000000148e+01	-1.379659547724886373e-03	-9.790045432977322548e+01
1.731194999999999951e+01	-1.335901359024531908e-03	-9.780508459098754770e+01
1.734100000000000108e+01	-1.292329605027467193e-03	-9.770740528270140146e+01
1.737004999999999910e+01	-1.248964155065276568e-03	-9.760740363898722194e+01
1.739910000000000068e+01	-1.205824448311932154e-03	-9.750506546524096052e+01
1.742815000000000225e+01	-1.162929492375817681e-03	-9.740037515691726355e+01
1.745720000000000027e+01	-1.120297862318342733e-03	-9.729331572111702542e+01
1.748624999999999829e+01	-1.077947699554182050e-03	-9.718386879688344493e+01
1.751529999999999987e+01	-1.035896711336189080e-03	-9.707201467586048693e+01
1.754435000000000144e+01	-9.941621700958209323e-04	-9.695773232420702925e+01
1.757339999999999947e+01	-9.527609129929909748e-04	-9.684099940341624801e+01
1.760245000000000104e+01	-9.117093418961684081e-04	-9.672179229212170526e+01
1.763149999999999906e+01	-8.710234230375331300e-04	-9.660008610780992910e+01
1.766055000000000064e+01	-8.307186875197647901e-04	-9.647585472777399218e+01
1.768959999999999866e+01	-7.908102312007785463e-04	-9.634907081023840192e+01
1.771865000000000023e+01	-7.513127153181529830e-04	-9.621970581549561530e+01
1.774770000000000181e+01	-7.122403669360467034e-04	-9.608773002581031619e+01
1.777674999999999983e+01	-6.736069799851425021e-04	-9.595311256531813626e+01
1.780580000000000140e+01	-6.354259156736858640e-04	-9.581582141883924919e+01
1.783484999999999943e+01	-5.977101038984713099e-04	-9.567582344982770337e+01
1.786390000000000100e+01	-5.604720441223478211e-04	-9.553308441753753755e+01
1.789294999999999902e+01	-5.237238067472354489e-04	-9.538756899240566156e+01
1.792200000000000060e+01	-4.874770345775793472e-04	-9.523924077031487911e+01
1.795105000000000217e+01	-4.517429443462501635e-04	-9.508806228518807302e+01
1.798010000000000019e+01	-4.165323283231253627e-04	-9.493399501957880204e+01
1.800914999999999822e+01	-3.818555560979445575e-04	-9.477699941334515188e+01
1.803819999999999979e+01	-3.477225765894949154e-04	-9.461703486974928978e+01
1.806725000000000136e+01	-3.141429199522567358e-04	-9.445405975926247777e+01
1.809629999999999939e+01	-2.811256997980655405e-04	-9.428803142019802408e+01
1.812535000000000096e+01	-2.486796153720999248e-04	-9.411890615650200687e+01
1.815439999999999898e+01	-2.168129539358438476e-04	-9.394663923186172383e+01
1.818345000000000056e+01	-1.855335932017472859e-04	-9.377118486032644284e+01
1.821249999999999858e+01	-1.548490038803266504e-04	-9.359249619269624532e+01
1.824155000000000015e+01	-1.247662523367998430e-04	-9.341052529864633414e+01
1.827060000000000173e+01	-9.529200331481406220e-05	-9.322522314407542865e+01
1.829964999999999975e+01	-6.643252275232976265e-05	-9.303653956339735487e+01
1.832870000000000132e+01	-3.819368069929494311e-05	-9.284442322638483347e+01
1.835774999999999935e+01	-1.058095430817218894e-05	-9.264882159916753324e+01
1.838680000000000092e+01	0.000000000000000000e+00	-9.244968089896656238e+01
1.841584999999999894e+01	0.000000000000000000e+00	-9.224694604224858097e+01
1.844490000000000052e+01	-9.643274665532871356e-16	-9.204056058566976617e+01
1.847395000000000209e+01	0.000000000000000000e+00	-9.183046665955018284e+01
1.850300000000000011e+01	0.000000000000000000e+00	-9.161660489326324353e+01
1.853204999999999814e+01	-9.643274665532871356e-16	-9.139891433217155736e+01
1.856109999999999971e+01	0.000000000000000000e+00	-9.117733234530800246e+01
1.859015000000000128e+01	0.000000000000000000e+00	-9.095179452379218787e+01
1.861919999999999931e+01	0.000000000000000000e+00	-9.072223456863356716e+01
1.864825000000000088e+01	0.000000000000000000e+00	-9.048858416797398263e+01
1.867729999999999890e+01	-9.643274665532871356e-16	-9.025077286287812228e+01
1.870635000000000048e+01	0.000000000000000000e+00	-9.000872790063267814e+01
1.873539999999999850e+01	0.000000000000000000e+00	-8.976237407538242508e+01
1.876445000000000007e+01	0.000000000000000000e+00	-8.951163355490430718e+01
1.879350000000000165e+01	0.000000000000000000e+00	-8.925642569241270508e+01
1.882254999999999967e+01	0.000000000000000000e+00	-8.899666682322028066e+01
1.885160000000000124e+01	0.000000000000000000e+00	-8.873227004424421693e+01
1.888064999999999927e+01	0.000000000000000000e+00	-8.846314497573685287e+01
1.890970000000000084e+01	-9.643274665532871356e-16	-8.818919750406709568e+01
1.893874999999999886e+01	0.000000000000000000e+00	-8.791032950357630682e+01
1.896780000000000044e+01	0.000000000000000000e+00	-8.762643853662162030e+01
1.899685000000000201e+01	0.000000000000000000e+00	-8.733741752953697812e+01
1.902590000000000003e+01	-1.928654933106574271e-15	-8.704315442292129035e+01
1.905494999999999806e+01	0.000000000000000000e+00	-8.674353179398137570e+01
1.908399999999999963e+01	0.000000000000000000e+00	-8.643842644853484103e+01
1.911305000000000121e+01	0.000000000000000000e+00	-8.612770898010580822e+01
1.914209999999999923e+01	-1.928654933106574271e-15	-8.581124329271003148e+01
1.917115000000000080e+01	-9.643274665532871356e-16	-8.548888608482610607e+01
1.920020000000000238e+01	0.000000000000000000e+00	-8.516048628956380639e+01
1.922925000000000040e+01	0.000000000000000000e+00	-8.482588446786789405e+01
1.925829999999999842e+01	0.000000000000000000e+00	-8.448491214921952519e+01
1.928734999999999999e+01	0.000000000000000000e+00	-8.413739111453509167e+01
1.931640000000000157e+01	0.000000000000000000e+00	-8.378313261518394484e+01
1.934544999999999959e+01	0.000000000000000000e+00	-8.342193652116040425e+01
1.937449999999999761e+01	0.000000000000000000e+00	-8.305359038995038645e+01
1.940354999999999919e+01	0.000000000000000000e+00	-8.267786844727048390e+01
1.943260000000000076e+01	-9.643274665532871356e-16	-8.229453046956024309e+01
1.946164999999999878e+01	0.000000000000000000e+00	-8.190332055547219170e+01
1.949070000000000036e+01	1.928654933106573877e-15	-8.150396577312199042e+01
1.951975000000000193e+01	1.928654933106573877e-15	-8.109617466776499839e+01
1.954879999999999995e+01	-9.643274665532871356e-16	-8.067963561021596774e+01
1.957784999999999798e+01	0.000000000000000000e+00	-8.025401496663943135e+01
1.960689999999999955e+01	0.000000000000000000e+00	-7.981895506386172201e+01
1.963595000000000113e+01	-9.643274665532871356e-16	-7.937407192247447085e+01
1.966499999999999915e+01	0.000000000000000000e+00	-7.891895272422146945e+01
1.969405000000000072e+01	0.000000000000000000e+00	-7.845315297431641000e+01
1.972310000000000230e+01	0.000000000000000000e+00	-7.797619331346726312e+01
1.975215000000000032e+01	-9.643274665532871356e-16	-7.748755592472508624e+01
1.978119999999999834e+01	0.000000000000000000e+00	-7.698668047165313055e+01
1.981024999999999991e+01	0.000000000000000000e+00	-7.647295949090243994e+01
1.983930000000000149e+01	0.000000000000000000e+00	-7.594573314789934670e+01
1.986834999999999951e+01	-9.643274665532871356e-16	-7.540428324641267466e+01
1.989739999999999753e+01	-9.643274665532871356e-16	-7.484782635887833635e+01
1.992644999999999911e+01	-9.643274665532871356e-16	-7.427550591747142050e+01
1.995550000000000068e+01	0.000000000000000000e+00	-7.368638306924898984e+01
1.998454999999999870e+01	0.000000000000000000e+00	-7.307942605540137038e+01
2.001360000000000028e+01	0.000000000000000000e+00	-7.245349781659008670e+01
2.004265000000000185e+01	0.000000000000000000e+00	-7.180734145553122971e+01
2.007169999999999987e+01	0.000000000000000000e+00	-7.113956309365109121e+01
2.010074999999999790e+01	0.000000000000000000e+00	-7.044861153777821983e+01
2.012979999999999947e+01	0.000000000000000000e+00	-6.973275401389807371e+01
2.015885000000000105e+01	-9.643274665532871356e-16	-6.899004701467983125e+01
2.018789999999999907e+01	0.000000000000000000e+00	-6.821830102468403823e+01
2.021695000000000064e+01	-9.643274665532871356e-16	-6.741503750668393025e+01
2.024600000000000222e+01	-9.643274665532871356e-16	-6.657743600826835007e+01
2.027505000000000024e+01	0.000000000000000000e+00	-6.570226852206549495e+01
2.030409999999999826e+01	0.000000000000000000e+00	-6.478581720773024699e+01
2.033314999999999984e+01	0.000000000000000000e+00	-6.382377011750848084e+01
2.036220000000000141e+01	0.000000000000000000e+00	-6.281108742792340394e+01
2.039124999999999943e+01	0.000000000000000000e+00	-6.174182750185777735e+01
2.042029999999999745e+01	-9.643274665532871356e-16	-6.060891727701965692e+01
2.044934999999999903e+01	-9.643274665532871356e-16	-5.940384396325431027e+01
2.047840000000000060e+01	0.000000000000000000e+00	-5.811623301347447068e+01
2.050744999999999862e+01	-9.643274665532871356e-16	-5.673325750254015531e+01
2.053650000000000020e+01	-9.643274665532871356e-16	-5.523879013177239727e+01
2.056555000000000177e+01	-9.643274665532871356e-16	-5.361214860224681900e+01
2.059459999999999980e+01	0.000000000000000000e+00	-5.182617184984722059e+01
2.062364999999999782e+01	0.000000000000000000e+00	-4.984413973099176332e+01
2.065269999999999939e+01	0.000000000000000000e+00	-4.761456893185716410e+01
2.068175000000000097e+01	0.000000000000000000e+00	-4.506179820036692973e+01
2.071079999999999899e+01	0.000000000000000000e+00	-4.206734203121727944e+01
2.073985000000000056e+01	-2.356859965687929464e-04	-3.842799786830579478e+01
2.076890000000000214e+01	-1.392470027174144264e-03	-3.374207094949816366e+01
2.079795000000000016e+01	-8.114746058798777417e-03	-2.698123093747632950e+01
2.082699999999999818e+01	-2.248801192626063983e-01	-1.295770936515415350e+01
2.085604999999999976e+01	-1.347518238407245383e-01	-1.515409462368176818e+01
2.088510000000000133e+01	-7.626539372635020297e-02	-1.759985255990089570e+01
2.091414999999999935e+01	-1.399123860803094921e+00	-5.606446083755271204e+00
2.094319999999999737e+01	-3.004550249173948764e-02	-2.162954210645762032e+01
2.097224999999999895e+01	-3.965405703825561172e-03	-3.040744589077502269e+01
2.100130000000000052e+01	-1.138081305782879041e-03	-3.579147334678317094e+01
2.103034999999999854e+01	-4.498293766474071708e-04	-3.975917903135616172e+01
2.105940000000000012e+01	-2.153096791793762677e-04	-4.292172756238963416e+01
2.108845000000000169e+01	-1.204506264006345963e-04	-4.555727290161917153e+01
2.111749999999999972e+01	-7.928468549208970875e-05	-4.781834163845154961e+01
2.114654999999999774e+01	-6.213507752593909234e-05	-4.979847089196056942e+01
2.117559999999999931e+01	-5.698684662577136714e-05	-5.155950130984923163e+01
2.120465000000000089e+01	-5.836492494248668233e-05	-5.314459781966563412e+01
2.123369999999999891e+01	-6.353240787872213124e-05	-5.458515526974530019e+01
2.126275000000000048e+01	-7.101385418234836726e-05	-5.590475869437359790e+01
2.129180000000000206e+01	-7.996151534366253511e-05	-5.712159556452981235e+01
2.132085000000000008e+01	-8.986052124282087512e-05	-5.824999736566560671e+01
2.134989999999999810e+01	-1.003822813154122513e-04	-5.930146413334792044e+01
2.137894999999999968e+01	-1.113073609360376733e-04	-6.028536795317619124e+01
2.140800000000000125e+01	-1.224828955284197954e-04	-6.120944955593777337e+01
2.143704999999999927e+01	-1.337980633529792978e-04	-6.208017727312162037e+01
2.146609999999999729e+01	-1.451694247850407254e-04	-6.290301189869324361e+01
2.149514999999999887e+01	-1.565318648841119021e-04	-6.368260568042425973e+01
2.152420000000000044e+01	-1.678328291161696026e-04	-6.442295422556398421e+01
2.155324999999999847e+01	-1.790285550024844755e-04	-6.512751411957276559e+01
2.158230000000000004e+01	-1.900815475114171294e-04	-6.579929516095901931e+01
2.161135000000000161e+01	-2.009588488088314318e-04	-6.644093352167341493e+01
2.164039999999999964e+01	-2.116308276602209900e-04	-6.705475037910744618e+01
2.166944999999999766e+01	-2.220703151516060039e-04	-6.764279934565229269e+01
2.169849999999999923e+01	-2.322519764411118816e-04	-6.820690516176350116e+01
2.172755000000000081e+01	-2.421518455503957252e-04	-6.874869550441823662e+01
2.175659999999999883e+01	-2.517469750365230498e-04	-6.926962731701129883e+01
2.178565000000000040e+01	-2.610151676578961592e-04	-6.977100873942832493e+01
2.181470000000000198e+01	-2.699347672154030729e-04	-7.025401747379700623e+01
2.184375000000000000e+01	-2.784844929158790785e-04	-7.071971623796116546e+01
2.187279999999999802e+01	-2.866433058508931686e-04	-7.116906581992387260e+01
2.190184999999999960e+01	-2.943902996651021455e-04	-7.160293613930230094e+01
2.193090000000000117e+01	-3.017046092897675345e-04	-7.202211563833272123e+01
2.195994999999999919e+01	-3.085653335948772107e-04	-7.242731926073379611e+01
2.198899999999999721e+01	-3.149514688345406892e-04	-7.281919522374374765e+01
2.201804999999999879e+01	-3.208418502424773217e-04	-7.319833074725545430e+01
2.204710000000000036e+01	-3.262151002752413775e-04	-7.356525687015233927e+01
2.207614999999999839e+01	-3.310495818783406306e-04	-7.392045245477351045e+01
2.210519999999999996e+01	-3.353233561031873579e-04	-7.426434745615705424e+01
2.213425000000000153e+01	-3.390141429476366958e-04	-7.459732551162809955e+01
2.216329999999999956e+01	-3.420992853334120683e-04	-7.491972588535263355e+01
2.219234999999999758e+01	-3.445557155387038331e-04	-7.523184478577417167e+01
2.222139999999999915e+01	-3.463599239876674336e-04	-7.553393605077405937e+01
2.225045000000000073e+01	-3.474879302194704101e-04	-7.582621118170348495e+01
2.227949999999999875e+01	-3.479152564873378979e-04	-7.610883867723974561e+01
2.230855000000000032e+01	-3.476169033521742330e-04	-7.638194260066177321e+01
2.233760000000000190e+01	-3.465673281715704753e-04	-7.664560027728927594e+01
2.236664999999999992e+01	-3.447404265431148031e-04	-7.689983898527381712e+01
2.239569999999999794e+01	-3.421095173925826080e-04	-7.714463145623666662e+01
2.242474999999999952e+01	-3.386473314264583519e-04	-7.737988994125474562e+01
2.245380000000000109e+01	-3.343260052160915803e-04	-7.760545852561671154e+01
2.248284999999999911e+01	-3.291170797977812572e-04	-7.782110327421310103e+01
2.251189999999999714e+01	-3.229915063675533140e-04	-7.802649966709657292e+01
2.254094999999999871e+01	-3.159196591921722107e-04	-7.822121661488880306e+01
2.257000000000000028e+01	-3.078713574201711852e-04	-7.840469612910328578e+01
2.259904999999999831e+01	-2.988158971294790672e-04	-7.857622744125707470e+01
2.262809999999999988e+01	-2.887220954332512992e-04	-7.873491400745709257e+01
2.265715000000000146e+01	-2.775583481992926018e-04	-7.887963137640946343e+01
2.268619999999999948e+01	-2.652927042518457307e-04	-7.900897336391605563e+01
2.271524999999999750e+01	-2.518929574007489915e-04	-7.912118337030548787e+01
2.274429999999999907e+01	-2.373267603478828246e-04	-7.921406717798582520e+01
2.277335000000000065e+01	-2.215617622274555255e-04	-7.928488346427171507e+01
2.280239999999999867e+01	-2.045657740187825841e-04	-7.933020949811476896e+01
2.283145000000000024e+01	-1.863069651693209183e-04	-7.934578399133889093e+01
2.286050000000000182e+01	-1.667540954878091706e-04	-7.932634148376141070e+01
2.288954999999999984e+01	-1.458767869119760076e-04	-7.926548329862394837e+01
2.291859999999999786e+01	-1.236458393538234510e-04	-7.915570217657685248e+01
2.294764999999999944e+01	-1.000335962099723250e-04	-7.898884181925531323e+01
2.297670000000000101e+01	-7.501436442889333658e-05	-7.875763279309354914e+01
2.300574999999999903e+01	-4.856489441025651512e-05	-7.845968273476020727e+01
2.303479999999999706e+01	-2.066492538149467548e-05	-7.810654772885126818e+01
2.306384999999999863e+01	0.000000000000000000e+00	-7.774143226006189877e+01
2.309290000000000020e+01	0.000000000000000000e+00	-7.746428275675923203e+01
2.312194999999999823e+01	0.000000000000000000e+00	-7.743880971834114746e+01
2.315099999999999980e+01	0.000000000000000000e+00	-7.782174600607484649e+01
2.318005000000000138e+01	-9.643274665532871356e-16	-7.862318475117548644e+01
2.320909999999999940e+01	0.000000000000000000e+00	-7.967518153453227114e+01
2.323814999999999742e+01	0.000000000000000000e+00	-8.076647947102466674e+01
2.326719999999999899e+01	0.000000000000000000e+00	-8.175773135405911773e+01
2.329625000000000057e+01	-1.928654933106574271e-15	-8.259440802395189962e+01
2.332529999999999859e+01	-1.928654933106574271e-15	-8.327490812758263417e+01
2.335435000000000016e+01	-9.643274665532871356e-16	-8.382066573208321358e+01
2.338340000000000174e+01	0.000000000000000000e+00	-8.425875687217279619e+01
2.341244999999999976e+01	-9.643274665532871356e-16	-8.461411647387416224e+01
2.344149999999999778e+01	0.000000000000000000e+00	-8.490705639363696378e+01
2.347054999999999936e+01	-9.643274665532871356e-16	-8.515316826093963698e+01
2.349960000000000093e+01	0.000000000000000000e+00	-8.536406709178342567e+01
2.352864999999999895e+01	0.000000000000000000e+00	-8.554828483706083375e+01
2.355769999999999698e+01	-9.643274665532871356e-16	-8.571205856460332484e+01
2.358674999999999855e+01	0.000000000000000000e+00	-8.585995074876771582e+01
2.361580000000000013e+01	0.000000000000000000e+00	-8.599531205269535405e+01
2.364484999999999815e+01	-9.643274665532871356e-16	-8.612061763924813818e+01
2.367389999999999972e+01	0.000000000000000000e+00	-8.623770861927206965e+01
2.370295000000000130e+01	-9.643274665532871356e-16	-8.634796470351591324e+01
2.373199999999999932e+01	0.000000000000000000e+00	-8.645242775356790332e+01
2.376104999999999734e+01	0.000000000000000000e+00	-8.655189053277824485e+01
2.379009999999999891e+01	0.000000000000000000e+00	-8.664696079228463077e+01
2.381915000000000049e+01	0.000000000000000000e+00	-8.673810787664206146e+01
2.384819999999999851e+01	0.000000000000000000e+00	-8.682569681411251850e+01
2.387725000000000009e+01	-9.643274665532871356e-16	-8.691001347980538583e+01
2.390630000000000166e+01	-9.643274665532871356e-16	-8.699128327365616542e+01
2.393534999999999968e+01	0.000000000000000000e+00	-8.706968510870980538e+01
2.396439999999999770e+01	0.000000000000000000e+00	-8.714536194004497816e+01
2.399344999999999928e+01	-9.643274665532871356e-16	-8.721842876883738427e+01
2.402250000000000085e+01	0.000000000000000000e+00	-8.728897874294089831e+01
2.405154999999999887e+01	0.000000000000000000e+00	-8.735708785839497637e+01
2.408059999999999690e+01	0.000000000000000000e+00	-8.742281858712190967e+01
2.410964999999999847e+01	0.000000000000000000e+00	-8.748622270832612458e+01
2.413870000000000005e+01	0.000000000000000000e+00	-8.754734351310155205e+01
2.416774999999999807e+01	0.000000000000000000e+00	-8.760621755067330696e+01
2.419679999999999964e+01	-9.643274665532871356e-16	-8.766287599751117909e+01
2.422585000000000122e+01	0.000000000000000000e+00	-8.771734575438236448e+01
2.425489999999999924e+01	0.000000000000000000e+00	-8.776965031413043050e+01
2.428394999999999726e+01	0.000000000000000000e+00	-8.781981046114857747e+01
2.431299999999999883e+01	-1.928654933106574271e-15	-8.786784483568837345e+01
2.434205000000000041e+01	-9.643274665532871356e-16	-8.791377038224639762e+01
2.437109999999999843e+01	0.000000000000000000e+00	-8.795760272240157462e+01
2.440015000000000001e+01	-9.643274665532871356e-16	-8.799935645267720474e+01
2.442920000000000158e+01	1.928654933106573877e-15	-8.803904538385663159e+01
2.445824999999999960e+01	0.000000000000000000e+00	-8.807668274512877815e+01
2.448729999999999762e+01	-9.643274665532871356e-16	-8.811228134349963170e+01
2.451634999999999920e+01	0.000000000000000000e+00	-8.814585369656724367e+01
2.454540000000000077e+01	0.000000000000000000e+00	-8.817741214478517975e+01
2.457444999999999879e+01	0.000000000000000000e+00	-8.820696893367855296e+01
2.460349999999999682e+01	0.000000000000000000e+00	-8.823453629584983560e+01
2.463254999999999839e+01	0.000000000000000000e+00	-8.826012650160140538e+01
2.466159999999999997e+01	-1.928654933106574271e-15	-8.828375191161131852e+01
2.469064999999999799e+01	0.000000000000000000e+00	-8.830542501317137294e+01
2.471969999999999956e+01	0.000000000000000000e+00	-8.832515845266348720e+01
2.474875000000000114e+01	0.000000000000000000e+00	-8.834296505649425058e+01
2.477779999999999916e+01	0.000000000000000000e+00	-8.835885785185524810e+01
2.480684999999999718e+01	0.000000000000000000e+00	-8.837285007834833550e+01
2.483589999999999876e+01	-9.643274665532871356e-16	-8.838495519870218686e+01
2.486495000000000033e+01	0.000000000000000000e+00	-8.839518690360664266e+01
2.489399999999999835e+01	0.000000000000000000e+00	-8.840355911366373221e+01
2.492304999999999993e+01	-9.643274665532871356e-16	-8.841008598310752120e+01
2.495210000000000150e+01	0.000000000000000000e+00	-8.841478189350564776e+01
2.498114999999999952e+01	0.000000000000000000e+00	-8.841766145403224186e+01
2.501019999999999754e+01	0.000000000000000000e+00	-8.841873949446338088e+01
2.503924999999999912e+01	0.000000000000000000e+00	-8.841803105980318378e+01
2.506830000000000069e+01	0.000000000000000000e+00	-8.841555140147983138e+01
2.509734999999999872e+01	-9.643274665532871356e-16	-8.841131597102963724e+01
2.512639999999999674e+01	0.000000000000000000e+00	-8.840534040997994225e+01
2.515544999999999831e+01	-9.643274665532871356e-16	-8.839764054140721328e+01
2.518449999999999989e+01	-9.643274665532871356e-16	-8.838823235968231984e+01
2.521354999999999791e+01	0.000000000000000000e+00	-8.837713202177621952e+01
2.524259999999999948e+01	-9.643274665532871356e-16	-8.836435583658123960e+01
2.527165000000000106e+01	0.000000000000000000e+00	-8.834992025608322308e+01
2.530069999999999908e+01	0.000000000000000000e+00	-8.833384186596249776e+01
2.532974999999999710e+01	-9.643274665532871356e-16	-8.831613737687531795e+01
2.535879999999999868e+01	-9.643274665532871356e-16	-8.829682361606106156e+01
2.538785000000000025e+01	0.000000000000000000e+00	-8.827591752009013248e+01
2.541689999999999827e+01	0.000000000000000000e+00	-8.825343612791178316e+01
2.544594999999999985e+01	0.000000000000000000e+00	-8.822939657503968647e+01
2.547500000000000142e+01	0.000000000000000000e+00	-8.820381608908655835e+01
2.550404999999999944e+01	0.000000000000000000e+00	-8.817671198607325778e+01
2.553309999999999746e+01	0.000000000000000000e+00	-8.814810166832914717e+01
2.556214999999999904e+01	0.000000000000000000e+00	-8.811800262392588934e+01
2.559120000000000061e+01	-9.643274665532871356e-16	-8.808643242754511959e+01
2.562024999999999864e+01	-4.175961714473206123e-06	-8.805340874353176162e+01
2.564929999999999666e+01	-1.016860804283645148e-05	-8.801894933038865076e+01
2.567834999999999823e+01	-1.549353976297445466e-05	-8.798307204812621762e+01
2.570739999999999981e+01	-2.018161863719439129e-05	-8.794579486717474026e+01
2.573644999999999783e+01	-2.426287592175683117e-05	-8.790713588065641204e+01
2.576549999999999940e+01	-2.776649964288641935e-05	-8.786711331872098185e+01
2.579455000000000098e+01	-3.072082878310386294e-05	-8.782574556670158472e+01
2.582359999999999900e+01	-3.315335305764165408e-05	-8.778305118580448152e+01
2.585264999999999702e+01	-3.509071754989985325e-05	-8.773904893800076366e+01
2.588169999999999860e+01	-3.655873114798204059e-05	-8.769375781462143493e+01
2.591075000000000017e+01	-3.758237823737111148e-05	-8.764719706909158958e+01
2.593979999999999819e+01	-3.818583295822431452e-05	-8.759938625510096699e+01
2.596884999999999977e+01	-3.839247540519847852e-05	-8.755034526882886325e+01
2.599790000000000134e+01	-3.822490951898592152e-05	-8.750009439819736201e+01
2.602694999999999936e+01	-3.770498203590418480e-05	-8.744865437717173506e+01
2.605599999999999739e+01	-3.685380239130460505e-05	-8.739604644751493367e+01
2.608504999999999896e+01	-3.569176308008544879e-05	-8.734229242862498666e+01
2.611410000000000053e+01	-3.423856045783729154e-05	-8.728741479484669696e+01
2.614314999999999856e+01	-3.251321555631153442e-05	-8.723143676303827476e+01
2.617219999999999658e+01	-3.053409500668274022e-05	-8.717438238975026366e+01
2.620124999999999815e+01	-2.831893165298404738e-05	-8.711627668132518920e+01
2.623029999999999973e+01	-2.588484501380564060e-05	-8.705714571487493458e+01
2.625934999999999775e+01	-2.324836127686371925e-05	-8.699701677632484120e+01
2.628839999999999932e+01	-2.042543297296631286e-05	-8.693591851232666556e+01
2.631745000000000090e+01	-1.743145804581484236e-05	-8.687388110291492183e+01
2.634649999999999892e+01	-1.428129847189002667e-05	-8.681093645185983121e+01
2.637554999999999694e+01	-1.098929826451668800e-05	-8.674711840332298607e+01
2.640459999999999852e+01	-7.569300935359248061e-06	-8.668246298343731837e+01
2.643365000000000009e+01	-4.034666367990040233e-06	-8.661700867126788239e+01
2.646269999999999811e+01	-3.982869858510775528e-07	-8.655079670564452954e+01
2.649174999999999969e+01	-9.643274665532871356e-16	-8.648387142955272111e+01
2.652080000000000126e+01	-1.928654933106574271e-15	-8.641628067987596751e+01
2.654984999999999928e+01	0.000000000000000000e+00	-8.634807622719350206e+01
2.657889999999999731e+01	-9.643274665532871356e-16	-8.627931427687427401e+01
2.660794999999999888e+01	-9.643274665532871356e-16	-8.621005603441744825e+01
2.663700000000000045e+01	-9.643274665532871356e-16	-8.614036835363778266e+01
2.666604999999999848e+01	-9.643274665532871356e-16	-8.607032447210897885e+01
2.669509999999999650e+01	-1.928654933106574271e-15	-8.600000485665123051e+01
2.672414999999999807e+01	0.000000000000000000e+00	-8.592949817076190300e+01
2.675319999999999965e+01	0.000000000000000000e+00	-8.585890238898052473e+01
2.678224999999999767e+01	-9.643274665532871356e-16	-8.578832608407182647e+01
2.681129999999999924e+01	0.000000000000000000e+00	-8.571788991605748720e+01
2.684035000000000082e+01	-9.643274665532871356e-16	-8.564772836454535820e+01
2.686939999999999884e+01	0.000000000000000000e+00	-8.557799174886562810e+01
2.689844999999999686e+01	0.000000000000000000e+00	-8.550884859413834249e+01
2.692749999999999844e+01	0.000000000000000000e+00	-8.544048841412563888e+01
2.695655000000000001e+01	1.928654933106573877e-15	-8.537312499937218035e+01
2.698559999999999803e+01	-9.643274665532871356e-16	-8.530700031995834820e+01
2.701464999999999606e+01	-9.643274665532871356e-16	-8.524238918349546168e+01
2.704370000000000118e+01	0.000000000000000000e+00	-8.517960482384154375e+01
2.707274999999999920e+01	-9.643274665532871356e-16	-8.511900564798274615e+01
2.710179999999999723e+01	0.000000000000000000e+00	-8.506100343389682905e+01
2.713085000000000235e+01	0.000000000000000000e+00	-8.500607336286064708e+01
2.715990000000000038e+01	0.000000000000000000e+00	-8.495476639287416276e+01
2.718894999999999840e+01	0.000000000000000000e+00	-8.490772465248896594e+01
2.721799999999999642e+01	0.000000000000000000e+00	-8.486570077828362457e+01
2.724705000000000155e+01	0.000000000000000000e+00	-8.482958247308779676e+01
2.727609999999999957e+01	-9.643274665532871356e-16	-8.480042408754228234e+01
2.730514999999999759e+01	-9.643274665532871356e-16	-8.477948782922915427e+01
2.733419999999999561e+01	0.000000000000000000e+00	-8.476829847023621767e+01
2.736325000000000074e+01	1.928654933106573877e-15	-8.476871751222596174e+01
2.739229999999999876e+01	-9.643274665532871356e-16	-8.478304637791934795e+01
2.742134999999999678e+01	0.000000000000000000e+00	-8.481417484112741079e+01
2.745040000000000191e+01	-9.643274665532871356e-16	-8.486580402879583573e+01
2.747944999999999993e+01	-9.643274665532871356e-16	-8.494280166971238089e+01
2.750849999999999795e+01	0.000000000000000000e+00	-8.505181527830922050e+01
2.753754999999999598e+01	0.000000000000000000e+00	-8.520245495476827102e+01
2.756660000000000110e+01	0.000000000000000000e+00	-8.540995701201106272e+01
2.759564999999999912e+01	0.000000000000000000e+00	-8.570264935732620870e+01
2.762469999999999715e+01	0.000000000000000000e+00	-8.615100036881601397e+01
2.765375000000000227e+01	0.000000000000000000e+00	-8.707257846429351389e+01
2.768280000000000030e+01	-4.856619711883597244e-05	-7.498164955357356121e+01
2.771184999999999832e+01	0.000000000000000000e+00	-8.583812806522020367e+01
2.774089999999999634e+01	0.000000000000000000e+00	-8.698154897388236861e+01
2.776995000000000147e+01	-9.643274665532871356e-16	-8.789045551665918765e+01
2.779899999999999949e+01	-9.643274665532871356e-16	-8.861697744802106058e+01
2.782804999999999751e+01	0.000000000000000000e+00	-8.867440904973767601e+01
2.785709999999999553e+01	0.000000000000000000e+00	-8.733217255213544661e+01
2.788615000000000066e+01	1.928654933106573877e-15	-8.459510199133757169e+01
2.791519999999999868e+01	-9.643274665532871356e-16	-8.116279237709437666e+01
2.794424999999999670e+01	-9.643274665532871356e-16	-7.749142269379817094e+01
2.797330000000000183e+01	0.000000000000000000e+00	-7.371341338675273391e+01
2.800234999999999985e+01	0.000000000000000000e+00	-6.994421758153087865e+01
2.803139999999999787e+01	0.000000000000000000e+00	-6.672869593805897637e+01
2.806044999999999590e+01	-9.643274665532871356e-16	-6.523876707577193201e+01
2.808950000000000102e+01	0.000000000000000000e+00	-6.560176255885052399e+01
2.811854999999999905e+01	-9.643274665532871356e-16	-6.660915399148139215e+01
2.814759999999999707e+01	-9.643274665532871356e-16	-6.756687476954284932e+01
2.817665000000000219e+01	0.000000000000000000e+00	-6.832511009563700100e+01
2.820570000000000022e+01	0.000000000000000000e+00	-6.889316340907603831e+01
2.823474999999999824e+01	0.000000000000000000e+00	-6.930701440483579745e+01
2.826379999999999626e+01	-9.643274665532871356e-16	-6.959966169525154100e+01
2.829285000000000139e+01	0.000000000000000000e+00	-6.979673749647760417e+01
2.832189999999999941e+01	-9.643274665532871356e-16	-6.991739661972312092e+01
2.835094999999999743e+01	-9.643274665532871356e-16	-6.997589574197432682e+01
2.837999999999999545e+01	0.000000000000000000e+00	-6.998292455782925003e+01
2.840905000000000058e+01	-3.745845938645500705e-06	-6.994658656076354930e+01
2.843809999999999860e+01	-2.073464933961526865e-05	-6.987309562780171746e+01
2.846714999999999662e+01	-4.021118539052165140e-05	-6.976726780381179083e+01
2.849620000000000175e+01	-6.261668569424529195e-05	-6.963287049733544620e+01
2.852524999999999977e+01	-8.845460618578854023e-05	-6.947287302485645455e+01
2.855429999999999779e+01	-1.182650975993882272e-04	-6.928962854915612013e+01
2.858334999999999582e+01	-1.525552214880822343e-04	-6.908500782151675423e+01
2.861240000000000094e+01	-1.916434982688546376e-04	-6.886049864725792702e+01
2.864144999999999897e+01	-2.353525678068363043e-04	-6.861728065282611055e+01
2.867049999999999699e+01	-2.824676193290653046e-04	-6.835628201626208522e+01
2.869955000000000211e+01	-3.299274978225335631e-04	-6.807822284837730820e+01
2.872860000000000014e+01	-3.719598696539387541e-04	-6.778364855975745229e+01
2.875764999999999816e+01	-3.999382379172927108e-04	-6.747295561066790981e+01
2.878669999999999618e+01	-4.042994386271683317e-04	-6.714641138331040793e+01
2.881575000000000131e+01	-3.790475438073412579e-04	-6.680416944679929259e+01
2.884479999999999933e+01	-3.262461625173280794e-04	-6.644628114664986640e+01
2.887384999999999735e+01	-2.559376231062607341e-04	-6.607270420191854043e+01
2.890289999999999537e+01	-1.809119399246011668e-04	-6.568330880653067538e+01
2.893195000000000050e+01	-1.111414429930721959e-04	-6.527788158804737861e+01
2.896099999999999852e+01	-5.173032170362177777e-05	-6.485612766303890453e+01
2.899004999999999654e+01	-3.859221566397514177e-06	-6.441767093336399341e+01
2.901910000000000167e+01	-9.643274665532871356e-16	-6.396205268391079812e+01
2.904814999999999969e+01	0.000000000000000000e+00	-6.348872846290503702e+01
2.907719999999999771e+01	-9.643274665532871356e-16	-6.299706314433903742e+01
2.910624999999999574e+01	0.000000000000000000e+00	-6.248632398149141665e+01
2.913530000000000086e+01	-1.928654933106574271e-15	-6.195567135291013017e+01
2.916434999999999889e+01	0.000000000000000000e+00	-6.140414676659069215e+01
2.919339999999999691e+01	0.000000000000000000e+00	-6.083065750998643040e+01
2.922245000000000203e+01	0.000000000000000000e+00	-6.023395709084078931e+01
2.925150000000000006e+01	-1.928654933106574271e-15	-5.961262027403962094e+01
2.928054999999999808e+01	-9.643274665532871356e-16	-5.896501103169526914e+01
2.930959999999999610e+01	0.000000000000000000e+00	-5.828924100572797329e+01
2.933865000000000123e+01	0.000000000000000000e+00	-5.758311500085720525e+01
2.936769999999999925e+01	-9.643274665532871356e-16	-5.684405835534248297e+01
2.939674999999999727e+01	0.000000000000000000e+00	-5.606901838587977238e+01
2.942579999999999529e+01	0.000000000000000000e+00	-5.525432776980301952e+01
2.945485000000000042e+01	-9.643274665532871356e-16	-5.439551040824692762e+01
2.948389999999999844e+01	-9.643274665532871356e-16	-5.348699748488009931e+01
2.951294999999999646e+01	0.000000000000000000e+00	-5.252169798646892218e+01
2.954200000000000159e+01	0.000000000000000000e+00	-5.149032297474129649e+01
2.957104999999999961e+01	-9.643274665532871356e-16	-5.038027163129524411e+01
2.960009999999999764e+01	0.000000000000000000e+00	-4.917368908244382908e+01
2.962914999999999566e+01	0.000000000000000000e+00	-4.784384003561342524e+01
2.965820000000000078e+01	0.000000000000000000e+00	-4.634772853948844329e+01
2.968724999999999881e+01	-1.087162776033446973e-05	-4.460928728273547250e+01
2.971629999999999683e+01	-1.217722203256702777e-04	-4.247461284032766571e+01
2.974535000000000196e+01	-3.927944831635073251e-04	-3.956062058009213445e+01
2.977439999999999998e+01	-1.580035082928573547e-03	-3.445674125681157562e+01
2.980344999999999800e+01	-1.972658555623653109e-01	-1.354641122096851191e+01
2.983249999999999602e+01	-2.786641647406920357e-04	-4.275363249764924944e+01
2.986155000000000115e+01	-1.824227857027398364e-03	-6.428731592795975303e+01
2.989059999999999917e+01	-2.601821232935028205e-02	-4.626099186413040343e+01
2.991964999999999719e+01	-4.481881673694250402e-04	-3.937182404009961090e+01
2.994869999999999521e+01	-4.689268473514936479e-04	-3.641227057684526613e+01
2.997775000000000034e+01	-1.616233722483362105e-03	-3.274508494762154953e+01
3.000679999999999836e+01	-5.129561391344733025e-03	-2.863135416311264692e+01
3.003584999999999638e+01	-1.810245717038434440e-02	-2.359101023687787091e+01
3.006490000000000151e+01	-9.859073761046838191e-02	-1.645533031547601865e+01
3.009394999999999953e+01	-2.723386547916254230e+00	-3.319249902926448392e+00
3.012299999999999756e+01	-5.763613224799066792e-01	-9.058632972173997544e+00
3.015204999999999558e+01	-2.994404220916805914e-01	-1.174836076192038092e+01
3.018110000000000070e+01	-5.251572392804755296e-01	-9.436255604590964907e+00
3.021014999999999873e+01	-7.111769813494346337e+00	-9.661026545958119049e-01
3.023919999999999675e+01	-1.710737404699662068e-01	-1.413388799530273410e+01
3.026825000000000188e+01	-3.103228640005458588e-02	-2.131731899830013077e+01
3.029729999999999990e+01	-9.761770187414375161e-03	-2.601550597071699400e+01
3.032634999999999792e+01	-3.874712005030253332e-03	-2.955734656081884992e+01
3.035539999999999594e+01	-1.734828738689642331e-03	-3.241724299211928439e+01
3.038445000000000107e+01	-8.258328552577698552e-04	-3.482203306332240089e+01
3.041349999999999909e+01	-3.994623980156638892e-04	-3.689931850828021709e+01
3.044254999999999711e+01	-1.859680089998610021e-04	-3.872863589175990029e+01
3.047159999999999513e+01	-7.456131767036923734e-05	-4.036318761114110032e+01
3.050065000000000026e+01	-1.521655627909939470e-05	-4.184044248683311196e+01
3.052969999999999828e+01	-9.643274665532871356e-16	-4.318784621380277144e+01
3.055874999999999631e+01	0.000000000000000000e+00	-4.442613564532086912e+01
3.058780000000000143e+01	0.000000000000000000e+00	-4.557137729795633163e+01
3.061684999999999945e+01	0.000000000000000000e+00	-4.663628071880048509e+01
3.064589999999999748e+01	-9.643274665532871356e-16	-4.763107734677932115e+01
3.067494999999999550e+01	-9.643274665532871356e-16	-4.856412742948375438e+01
3.070400000000000063e+01	-9.643274665532871356e-16	-4.944235040462586994e+01
3.073304999999999865e+01	-1.928654933106574271e-15	-5.027153705883162615e+01
3.076209999999999667e+01	-9.643274665532871356e-16	-5.105658035729500455e+01
3.079115000000000180e+01	0.000000000000000000e+00	-5.180164899178422644e+01
3.082019999999999982e+01	0.000000000000000000e+00	-5.251031973279935272e+01
3.084924999999999784e+01	-1.928654933106574271e-15	-5.318567959187497962e+01
3.087829999999999586e+01	0.000000000000000000e+00	-5.383040547612726101e+01
3.090735000000000099e+01	0.000000000000000000e+00	-5.444682679179134510e+01
3.093639999999999901e+01	0.000000000000000000e+00	-5.503697493359922532e+01
3.096544999999999703e+01	0.000000000000000000e+00	-5.560262253985426639e+01
3.099449999999999505e+01	-9.643274665532871356e-16	-5.614531464646965730e+01
3.102355000000000018e+01	0.000000000000000000e+00	-5.666639333884403129e+01
3.105259999999999820e+01	0.000000000000000000e+00	-5.716701711436765265e+01
3.108164999999999623e+01	0.000000000000000000e+00	-5.764817588765052392e+01
3.111070000000000135e+01	0.000000000000000000e+00	-5.811070236719272941e+01
3.113974999999999937e+01	0.000000000000000000e+00	-5.855528038697546833e+01
3.116879999999999740e+01	0.000000000000000000e+00	-5.898245067590711699e+01
3.119784999999999542e+01	-9.643274665532871356e-16	-5.939261448437052593e+01
3.122690000000000055e+01	0.000000000000000000e+00	-5.978603545372710215e+01
3.125594999999999857e+01	0.000000000000000000e+00	-6.016284010702641893e+01
3.128499999999999659e+01	0.000000000000000000e+00	-6.052301735416493500e+01
3.131405000000000172e+01	0.000000000000000000e+00	-6.086641743754220357e+01
3.134309999999999974e+01	0.000000000000000000e+00	-6.119275078924012945e+01
3.137214999999999776e+01	-9.643274665532871356e-16	-6.150158731950674706e+01
3.140119999999999578e+01	0.000000000000000000e+00	-6.179235669622500637e+01
3.143025000000000091e+01	-9.643274665532871356e-16	-6.206435018911973600e+01
3.145929999999999893e+01	-9.643274665532871356e-16	-6.231672461618053660e+01
3.148834999999999695e+01	0.000000000000000000e+00	-6.254850881697937837e+01
3.151739999999999498e+01	0.000000000000000000e+00	-6.275861285332726425e+01
3.154645000000000010e+01	-9.643274665532871356e-16	-6.294583977028089805e+01
3.157549999999999812e+01	-9.643274665532871356e-16	-6.310889921017624715e+01
3.160454999999999615e+01	0.000000000000000000e+00	-6.324642144337317262e+01
3.163360000000000127e+01	0.000000000000000000e+00	-6.335696945080145781e+01
3.166264999999999930e+01	0.000000000000000000e+00	-6.343904557719565673e+01
3.169169999999999732e+01	-9.643274665532871356e-16	-6.349108798480118310e+01
3.172074999999999534e+01	0.000000000000000000e+00	-6.351145064244693828e+01
3.174980000000000047e+01	-9.643274665532871356e-16	-6.349835882058613379e+01
3.177884999999999849e+01	0.000000000000000000e+00	-6.344982974568572587e+01
3.180789999999999651e+01	0.000000000000000000e+00	-6.336354471502189512e+01
3.183695000000000164e+01	0.000000000000000000e+00	-6.323665353219271879e+01
3.186599999999999966e+01	-9.643274665532871356e-16	-6.306548273621999101e+01
3.189504999999999768e+01	0.000000000000000000e+00	-6.284510230308765699e+01
3.192409999999999570e+01	0.000000000000000000e+00	-6.256867454098674131e+01
3.195315000000000083e+01	-9.643274665532871356e-16	-6.222645016967635456e+01
3.198219999999999885e+01	0.000000000000000000e+00	-6.180416031958424128e+01
3.201124999999999687e+01	-3.875849445305959225e-06	-6.128030982391965154e+01
3.204029999999999490e+01	-2.129764769510406215e-05	-6.062132876134449333e+01
3.206935000000000002e+01	-4.820602020193680200e-05	-5.977217964553518925e+01
3.209839999999999804e+01	-9.304337272773143409e-05	-5.863619502179094667e+01
3.212744999999999607e+01	-1.780399161466744544e-04	-5.702512900466359724e+01
3.215650000000000119e+01	-3.841306072295600340e-04	-5.450480401027920863e+01
3.218554999999999922e+01	-1.316551647079145697e-03	-4.967630767402173575e+01
3.221459999999999724e+01	-5.205140831025336506e-02	-1.926182766545289837e+01
3.224364999999999526e+01	0.000000000000000000e+00	-5.180783505786764920e+01
3.227270000000000039e+01	-9.643274665532871356e-16	-5.949695225907284879e+01
3.230174999999999841e+01	0.000000000000000000e+00	-6.472775530980321435e+01
3.233079999999999643e+01	0.000000000000000000e+00	-6.879683339434322420e+01
3.235985000000000156e+01	0.000000000000000000e+00	-7.159287901990563796e+01
3.238889999999999958e+01	0.000000000000000000e+00	-7.274855377277174284e+01
3.241794999999999760e+01	-9.643274665532871356e-16	-7.263428334762386385e+01
3.244699999999999562e+01	0.000000000000000000e+00	-7.200013617865919002e+01
3.247605000000000075e+01	0.000000000000000000e+00	-7.127371592301246039e+01
3.250509999999999877e+01	-9.643274665532871356e-16	-7.059718901339381603e+01
3.253414999999999679e+01	-9.643274665532871356e-16	-6.999958760001462110e+01
3.256319999999999482e+01	0.000000000000000000e+00	-6.947582969052612611e+01
3.259224999999999994e+01	0.000000000000000000e+00	-6.901289193411119527e+01
3.262129999999999797e+01	-9.643274665532871356e-16	-6.859750132165990522e+01
3.265034999999999599e+01	0.000000000000000000e+00	-6.821802655648849623e+01
3.267940000000000111e+01	-9.643274665532871356e-16	-6.786463580592580058e+01
3.270844999999999914e+01	-9.643274665532871356e-16	-6.752899181724460220e+01
3.273749999999999716e+01	0.000000000000000000e+00	-6.720387178812593731e+01
3.276654999999999518e+01	-9.643274665532871356e-16	-6.688281836940038261e+01
3.279560000000000031e+01	0.000000000000000000e+00	-6.655983942169073941e+01
3.282464999999999833e+01	-9.643274665532871356e-16	-6.622914762778705722e+01
3.285369999999999635e+01	0.000000000000000000e+00	-6.588492438833519316e+01
3.288275000000000148e+01	-9.643274665532871356e-16	-6.552109145843135707e+01
3.291179999999999950e+01	0.000000000000000000e+00	-6.513107374277983297e+01
3.294084999999999752e+01	1.928654933106573877e-15	-6.470753587628047399e+01
3.296989999999999554e+01	-9.643274665532871356e-16	-6.424207303646477385e+01
3.299895000000000067e+01	0.000000000000000000e+00	-6.372483239817530887e+01
3.302799999999999869e+01	0.000000000000000000e+00	-6.314403515793458155e+01
3.305704999999999671e+01	0.000000000000000000e+00	-6.248535912920398516e+01
3.308609999999999474e+01	-1.928654933106574271e-15	-6.173112644170245034e+01
3.311514999999999986e+01	-9.643274665532871356e-16	-6.085921549171467859e+01
3.314419999999999789e+01	-9.643274665532871356e-16	-5.984157077923508439e+01
3.317324999999999591e+01	0.000000000000000000e+00	-5.864209494705751524e+01
3.320230000000000103e+01	0.000000000000000000e+00	-5.721351687092210625e+01
3.323134999999999906e+01	-9.643274665532871356e-16	-5.549239781751474254e+01
3.326039999999999708e+01	0.000000000000000000e+00	-5.339040178946230242e+01
3.328944999999999510e+01	0.000000000000000000e+00	-5.077727661105205925e+01
3.331850000000000023e+01	-1.744610893367164528e-05	-4.744308564888333990e+01
3.334754999999999825e+01	-1.968791985269121507e-04	-4.299766857584469193e+01
3.337659999999999627e+01	-1.010574694743955268e-03	-3.649800906469066319e+01
3.340565000000000140e+01	-2.037798102697292724e-02	-2.330536517763180626e+01
3.343469999999999942e+01	-1.524862792550245143e-02	-2.455856838225991012e+01
3.346374999999999744e+01	-5.481884505951114574e-03	-3.001229946307528351e+01
3.349279999999999546e+01	-7.672531071759779338e-03	-2.970029326326104524e+01
3.352185000000000059e+01	-2.776163670330438274e-02	-2.194621029867371931e+01
3.355089999999999861e+01	-9.706677654467851801e-03	-2.652529261526460402e+01
3.357994999999999663e+01	-5.236626680019900934e-03	-3.653369870737703451e+01
3.360899999999999466e+01	-1.805678585649433910e-03	-4.172365206757255862e+01
3.363804999999999978e+01	-8.565149902953346191e-04	-4.523738221172791185e+01
3.366709999999999781e+01	-4.759437721753711093e-04	-4.785453365111247592e+01
3.369614999999999583e+01	-2.882894564953359480e-04	-4.990316914664251868e+01
3.372520000000000095e+01	-1.829893615015197649e-04	-5.155614932996181210e+01
3.375424999999999898e+01	-1.184953566494117142e-04	-5.291703367712540285e+01
3.378329999999999700e+01	-7.643273246531819172e-05	-5.405327631993796444e+01
3.381234999999999502e+01	-4.766574605698420169e-05	-5.501148871062302703e+01
3.384140000000000015e+01	-2.722872162053032981e-05	-5.582533651265731578e+01
3.387044999999999817e+01	-1.222341353482345145e-05	-5.651999298167599051e+01
3.389949999999999619e+01	-8.543739380809204833e-07	-5.711482197206319000e+01
3.392855000000000132e+01	0.000000000000000000e+00	-5.762508205097723391e+01
3.395759999999999934e+01	0.000000000000000000e+00	-5.806305745349700231e+01
3.398664999999999736e+01	0.000000000000000000e+00	-5.843883771669428029e+01
3.401569999999999538e+01	-9.643274665532871356e-16	-5.876087389601667610e+01
3.404475000000000051e+01	0.000000000000000000e+00	-5.903638847637378717e+01
3.407379999999999853e+01	-9.643274665532871356e-16	-5.927168728644310391e+01
3.410284999999999656e+01	0.000000000000000000e+00	-5.947240470336785734e+01
3.413189999999999458e+01	-9.643274665532871356e-16	-5.964370299992356195e+01
3.416094999999999970e+01	0.000000000000000000e+00	-5.979044005917761240e+01
3.418999999999999773e+01	-9.643274665532871356e-16	-5.991731531032055358e+01
3.421904999999999575e+01	0.000000000000000000e+00	-6.002900073220266108e+01
3.424810000000000088e+01	0.000000000000000000e+00	-6.013026159353316302e+01
3.427714999999999890e+01	-1.928654933106574271e-15	-6.022606993869473513e+01
3.430619999999999692e+01	-9.643274665532871356e-16	-6.032171250302979360e+01
3.433524999999999494e+01	0.000000000000000000e+00	-6.042289363816319536e+01
3.436430000000000007e+01	0.000000000000000000e+00	-6.053583279352118751e+01
3.439334999999999809e+01	-9.643274665532871356e-16	-6.066735470113441409e+01
3.442239999999999611e+01	-9.643274665532871356e-16	-6.082496729217939446e+01
3.445145000000000124e+01	0.000000000000000000e+00	-6.101691364662294603e+01
3.448049999999999926e+01	0.000000000000000000e+00	-6.125215939039402713e+01
3.450954999999999728e+01	0.000000000000000000e+00	-6.154020782940779100e+01
3.453859999999999530e+01	0.000000000000000000e+00	-6.189044689720726922e+01
3.456765000000000043e+01	0.000000000000000000e+00	-6.231022282498869913e+01
3.459669999999999845e+01	-9.643274665532871356e-16	-6.279946509238116903e+01
3.462574999999999648e+01	-9.643274665532871356e-16	-6.333613282093169516e+01
3.465479999999999450e+01	0.000000000000000000e+00	-6.383900196704544783e+01
3.468384999999999962e+01	0.000000000000000000e+00	-6.408871367749026149e+01
3.471289999999999765e+01	0.000000000000000000e+00	-6.364746724590438731e+01
3.474194999999999567e+01	0.000000000000000000e+00	-6.202683553670142658e+01
3.477100000000000080e+01	-1.928654933106574271e-15	-5.912733501076561993e+01
3.480004999999999882e+01	1.928654933106573877e-15	-5.511929973772441826e+01
3.482909999999999684e+01	-5.064179772510800370e-03	-4.974041558121248841e+01
3.485814999999999486e+01	-1.858311503188246963e-02	-4.085760924900285573e+01
3.488719999999999999e+01	-4.874711917187663814e-03	-3.431415090047815397e+01
3.491624999999999801e+01	-2.938469819812405221e-04	-4.424065968915592606e+01
3.494529999999999603e+01	-3.038201002863719817e-04	-4.810105471597837123e+01
3.497435000000000116e+01	-3.785044032799512017e-04	-5.029823678978608115e+01
3.500339999999999918e+01	-4.109788158041523080e-04	-5.172404064538336854e+01
3.503244999999999720e+01	-4.158358764817505463e-04	-5.269289566666558500e+01
3.506149999999999523e+01	-4.050469854793609277e-04	-5.334039782972354971e+01
3.509055000000000035e+01	-3.851038419244198589e-04	-5.372580216612080051e+01
3.511959999999999837e+01	-3.593828449359814199e-04	-5.386938049500002990e+01
3.514864999999999640e+01	-3.296287950520636226e-04	-5.378088149321343536e+01
3.517769999999999442e+01	-2.967211881120634769e-04	-5.354208306832227038e+01
3.520674999999999955e+01	-2.610658746173858346e-04	-5.364492202692007083e+01
3.523579999999999757e+01	-2.227997989232210693e-04	-5.562756474526710804e+01
3.526484999999999559e+01	-1.819010083789554533e-04	-6.061844882898683551e+01
3.529390000000000072e+01	-1.382492129519897117e-04	-6.786336023165473819e+01
3.532294999999999874e+01	-9.165970230336637956e-05	-7.654835367736532703e+01
3.535199999999999676e+01	-4.190247199831823721e-05	-7.540129703671054529e+01
3.538104999999999478e+01	-9.643274665532871356e-16	-7.194069521762256159e+01
3.541009999999999991e+01	0.000000000000000000e+00	-7.009178419296434015e+01
3.543914999999999793e+01	0.000000000000000000e+00	-6.904341868147932360e+01
3.546819999999999595e+01	0.000000000000000000e+00	-6.841198994577462145e+01
3.549725000000000108e+01	-9.643274665532871356e-16	-6.802089175545296484e+01
3.552629999999999910e+01	-1.928654933106574271e-15	-6.777920327872753603e+01
3.555534999999999712e+01	-1.928654933106574271e-15	-6.763569645206935377e+01
3.558439999999999515e+01	0.000000000000000000e+00	-6.755947535652359193e+01
3.561345000000000027e+01	0.000000000000000000e+00	-6.753091617896403420e+01
3.564249999999999829e+01	-9.643274665532871356e-16	-6.753704757193233377e+01
3.567154999999999632e+01	-9.643274665532871356e-16	-6.756902784178556942e+01
3.570059999999999434e+01	-9.643274665532871356e-16	-6.762068860361854661e+01
3.572964999999999947e+01	0.000000000000000000e+00	-6.768765496380018476e+01
3.575869999999999749e+01	0.000000000000000000e+00	-6.776679364036301934e+01
3.578774999999999551e+01	0.000000000000000000e+00	-6.785585588375532495e+01
3.581680000000000064e+01	-9.643274665532871356e-16	-6.795324053706787026e+01
3.584584999999999866e+01	0.000000000000000000e+00	-6.805783373109645140e+01
3.587489999999999668e+01	-9.643274665532871356e-16	-6.816889900297223903e+01
3.590394999999999470e+01	0.000000000000000000e+00	-6.828600162219487402e+01
3.593299999999999983e+01	-1.928654933106574271e-15	-6.840895687065837194e+01
3.596204999999999785e+01	0.000000000000000000e+00	-6.853779572898984895e+01
3.599109999999999587e+01	0.000000000000000000e+00	-6.867274376817404402e+01
3.602015000000000100e+01	0.000000000000000000e+00	-6.881421064081079919e+01
3.604919999999999902e+01	0.000000000000000000e+00	-6.896278868202799117e+01
3.607824999999999704e+01	0.000000000000000000e+00	-6.911925998665255122e+01
3.610729999999999507e+01	0.000000000000000000e+00	-6.928461206955083185e+01
3.613635000000000019e+01	-9.643274665532871356e-16	-6.946006294279385429e+01
3.616539999999999822e+01	0.000000000000000000e+00	-6.964709723655340667e+01
3.619444999999999624e+01	-9.643274665532871356e-16	-6.984751602307267149e+01
3.622349999999999426e+01	-9.643274665532871356e-16	-7.006350434966587670e+01
3.625254999999999939e+01	0.000000000000000000e+00	-7.029772246195285845e+01
3.628159999999999741e+01	-9.643274665532871356e-16	-7.055342962297896747e+01
3.631064999999999543e+01	0.000000000000000000e+00	-7.083465396312283247e+01
3.633970000000000056e+01	-1.928654933106574271e-15	-7.114642901923409113e+01
3.636874999999999858e+01	0.000000000000000000e+00	-7.149512952369958896e+01
3.639779999999999660e+01	0.000000000000000000e+00	-7.188895932110372655e+01
3.642684999999999462e+01	-9.643274665532871356e-16	-7.233868038157282854e+01
3.645589999999999975e+01	0.000000000000000000e+00	-7.285873898942109861e+01
3.648494999999999777e+01	0.000000000000000000e+00	-7.346907695682750727e+01
3.651399999999999579e+01	-2.712170202746583920e-04	-7.419819177884382100e+01
3.654305000000000092e+01	-8.037268790703396828e-04	-7.508863614501500194e+01
3.657209999999999894e+01	-1.282510749636484775e-03	-7.620771978209099018e+01
3.660114999999999696e+01	-1.702767911947692054e-03	-7.767068183983619178e+01
3.663019999999999499e+01	-2.064254828834147758e-03	-7.969910362244574742e+01
3.665925000000000011e+01	-2.369877923685885859e-03	-8.280773296244421999e+01
3.668829999999999814e+01	-2.624447343283155178e-03	-8.874218203842211494e+01
3.671734999999999616e+01	-2.833718971360336177e-03	-1.018084040365002494e+02
3.674639999999999418e+01	-3.003740403715946927e-03	-8.507812665625912985e+01
3.677544999999999931e+01	-3.140461351759690160e-03	-7.880560026039501054e+01
3.680449999999999733e+01	-3.249554649267084525e-03	-7.459281224530502641e+01
3.683354999999999535e+01	-3.336404747408604037e-03	-7.122243583062628147e+01
3.686260000000000048e+01	-3.406248007106262368e-03	-6.826800711493098106e+01
3.689164999999999850e+01	-3.464497535247633951e-03	-6.551493612627513130e+01
3.692069999999999652e+01	-3.517382966257086383e-03	-6.282182757835460052e+01
3.694974999999999454e+01	-3.573279790077357222e-03	-6.006653112571268593e+01
3.697879999999999967e+01	-3.645847258823582161e-03	-5.710907185409428877e+01
3.700784999999999769e+01	-3.762901723859103653e-03	-5.373891180044688554e+01
3.703689999999999571e+01	-3.999130150995731589e-03	-4.954112412365081752e+01
3.706595000000000084e+01	-4.669371752826292042e-03	-4.334193360357473779e+01
3.709499999999999886e+01	-1.119850040880006163e-02	-2.591908619544773273e+01
3.712404999999999688e+01	-5.722754538499410463e-04	-3.878832125388777285e+01
3.715309999999999491e+01	-1.872112012824994533e-03	-4.496887745594356289e+01
3.718215000000000003e+01	-2.196374744635639243e-03	-4.809297365378495215e+01
3.721119999999999806e+01	-2.314266701072576881e-03	-5.008582662539516406e+01
3.724024999999999608e+01	-2.353182663780332452e-03	-5.149006947266145318e+01
3.726929999999999410e+01	-2.352709619910255210e-03	-5.253560074526309620e+01
3.729834999999999923e+01	-2.329252223954734503e-03	-5.334097160951013450e+01
3.732739999999999725e+01	-2.290889842464524737e-03	-5.397504496203302438e+01
3.735644999999999527e+01	-2.242095974947897526e-03	-5.448117793419501709e+01
3.738550000000000040e+01	-2.185568195274282133e-03	-5.488830929500970512e+01
3.741454999999999842e+01	-2.123042745723128111e-03	-5.521662842475122090e+01
3.744359999999999644e+01	-2.055696264724616012e-03	-5.548071821248687741e+01
3.747264999999999446e+01	-1.984360317282874570e-03	-5.569141019972310147e+01
3.750169999999999959e+01	-1.909643531518461987e-03	-5.585693583127954298e+01
3.753074999999999761e+01	-1.832004902882788206e-03	-5.598367076269767750e+01
3.755979999999999563e+01	-1.751799782019513013e-03	-5.607663279303551462e+01
3.758885000000000076e+01	-1.669309845093717559e-03	-5.613982475164883112e+01
3.761789999999999878e+01	-1.584763270985157591e-03	-5.617647655028601150e+01
3.764694999999999681e+01	-1.498348722673896677e-03	-5.618921976737910029e+01
3.767599999999999483e+01	-1.410225280199620427e-03	-5.618021596087451996e+01
3.770504999999999995e+01	-1.320529659285510490e-03	-5.615125254615406192e+01
3.773409999999999798e+01	-1.229381562183952479e-03	-5.610381549547597047e+01
3.776314999999999600e+01	-1.136887717724269827e-03	-5.603914518158289582e+01
3.779219999999999402e+01	-1.043144983733518012e-03	-5.595827977187540370e+01
3.782124999999999915e+01	-9.482427656122749317e-04	-5.586208929369352205e+01
3.785029999999999717e+01	-8.522649319160727774e-04	-5.575130261729478320e+01
3.787934999999999519e+01	-7.552913535736070815e-04	-5.562652899584151100e+01
3.790840000000000032e+01	-6.573991580278006151e-04	-5.548827537369523100e+01
3.793744999999999834e+01	-5.586637701809073729e-04	-5.533696036879103985e+01
3.796649999999999636e+01	-4.591597880356783779e-04	-5.517292561256898153e+01
3.799554999999999438e+01	-3.589617348670012158e-04	-5.499644496918568848e+01
3.802459999999999951e+01	-2.581447191416754903e-04	-5.480773203337761856e+01
3.805364999999999753e+01	-1.567850262761699579e-04	-5.460694621668410775e+01
3.808269999999999555e+01	-5.496066422977495829e-05	-5.439419766222303565e+01
3.811175000000000068e+01	-9.643274665532871356e-16	-5.416955117484731375e+01
3.814079999999999870e+01	0.000000000000000000e+00	-5.393302931254915933e+01
3.816984999999999673e+01	0.000000000000000000e+00	-5.368461475211540801e+01
3.819889999999999475e+01	0.000000000000000000e+00	-5.342425201604076079e+01
3.822794999999999987e+01	0.000000000000000000e+00	-5.315184862631252116e+01
3.825699999999999790e+01	0.000000000000000000e+00	-5.286727573305057604e+01
3.828604999999999592e+01	-9.643274665532871356e-16	-5.257036825082926867e+01
3.831509999999999394e+01	0.000000000000000000e+00	-5.226092452213255513e+01
3.834414999999999907e+01	0.000000000000000000e+00	-5.193870551495201227e+01
3.837319999999999709e+01	-9.643274665532871356e-16	-5.160343355091633555e+01
3.840224999999999511e+01	0.000000000000000000e+00	-5.125479054713971294e+01
3.843130000000000024e+01	0.000000000000000000e+00	-5.089241574521718547e+01
3.846034999999999826e+01	0.000000000000000000e+00	-5.051590288603556189e+01
3.848939999999999628e+01	0.000000000000000000e+00	-5.012479677639397124e+01
3.851844999999999430e+01	0.000000000000000000e+00	-4.971858917641615960e+01
3.854749999999999943e+01	0.000000000000000000e+00	-4.929671391789626256e+01
3.857654999999999745e+01	0.000000000000000000e+00	-4.885854114093575618e+01
3.860559999999999548e+01	0.000000000000000000e+00	-4.840337050902494553e+01
3.863465000000000060e+01	0.000000000000000000e+00	-4.793042322758778795e+01
3.866369999999999862e+01	0.000000000000000000e+00	-4.743883265001549177e+01
3.869274999999999665e+01	0.000000000000000000e+00	-4.692763320047309605e+01
3.872179999999999467e+01	0.000000000000000000e+00	-4.639574727630325413e+01
3.875084999999999980e+01	-9.643274665532871356e-16	-4.584196970337272603e+01
3.877989999999999782e+01	0.000000000000000000e+00	-4.526494920729174964e+01
3.880894999999999584e+01	-9.643274665532871356e-16	-4.466316621231521822e+01
3.883799999999999386e+01	0.000000000000000000e+00	-4.403490608441345699e+01
3.886704999999999899e+01	0.000000000000000000e+00	-4.337822667046718550e+01
3.889609999999999701e+01	0.000000000000000000e+00	-4.269091862824097205e+01
3.892514999999999503e+01	0.000000000000000000e+00	-4.197045654566434791e+01
3.895420000000000016e+01	0.000000000000000000e+00	-4.121393816051686088e+01
3.898324999999999818e+01	0.000000000000000000e+00	-4.041800800976066910e+01
3.901229999999999620e+01	0.000000000000000000e+00	-3.957876041869909756e+01
3.904134999999999422e+01	-1.928654933106574271e-15	-3.869161464518326454e+01
3.907039999999999935e+01	0.000000000000000000e+00	-3.775115182897913968e+01
3.909944999999999737e+01	-9.643274665532871356e-16	-3.675089850252373935e+01
3.912849999999999540e+01	-9.643274665532871356e-16	-3.568303362651912636e+01
3.915755000000000052e+01	0.000000000000000000e+00	-3.453798332882871591e+01
3.918659999999999854e+01	-9.643274665532871356e-16	-3.330384578067716461e+01
3.921564999999999657e+01	0.000000000000000000e+00	-3.196555012896427428e+01
3.924469999999999459e+01	-1.116142564376934381e-03	-3.050358188021480643e+01
3.927374999999999972e+01	-3.030141475654394428e-03	-2.889196667227238891e+01
3.930279999999999774e+01	-6.167885083070405276e-03	-2.709490953579239658e+01
3.933184999999999576e+01	-1.163351773147996114e-02	-2.506081622297753242e+01
3.936089999999999378e+01	-2.198614134037915613e-02	-2.271074373186867135e+01
3.938994999999999891e+01	-4.411090188227020925e-02	-1.991360894932915571e+01
3.941899999999999693e+01	-1.011568341728852627e-01	-1.642538486457686275e+01
3.944804999999999495e+01	-3.064309871019759712e-01	-1.171622518293849069e+01
3.947710000000000008e+01	-1.844399862732547524e+00	-4.616369605238594076e+00
3.950614999999999810e+01	-3.661770284152876087e+00	-2.453558831580129773e+00
3.953519999999999612e+01	-3.040666231504367545e-01	-1.173419584275620409e+01
3.956424999999999415e+01	-8.775760237590347623e-01	-7.375434173408745409e+00
3.959329999999999927e+01	-5.165893232212882547e-01	-9.517132217163082331e+00
3.962234999999999729e+01	-5.109635776834685617e-01	-9.579998132410063150e+00
3.965139999999999532e+01	-6.877380949051091763e-01	-8.507394102341613973e+00
3.968045000000000044e+01	-1.524380473475112296e+00	-5.321598622270449219e+00
3.970949999999999847e+01	-1.041161092437376823e+01	-4.171970034119940607e-01
3.973854999999999649e+01	-1.355727056924131757e+00	-5.828871213827902409e+00
3.976759999999999451e+01	-2.847410667524254424e-01	-1.209436819841144661e+01
3.979664999999999964e+01	-1.004053414872673189e-01	-1.637243778449703058e+01
3.982569999999999766e+01	-4.747361696755929977e-02	-1.961229218484412939e+01
3.985474999999999568e+01	-2.623009663283991377e-02	-2.224477456376526163e+01
3.988379999999999370e+01	-1.592811071479010090e-02	-2.447216089566691011e+01
3.991284999999999883e+01	-1.031800460994481208e-02	-2.640822313599355198e+01
3.994189999999999685e+01	-7.011814517482992115e-03	-2.812391253462106988e+01
3.997094999999999487e+01	-4.951983307912373629e-03	-2.966656850906577603e+01
4.000000000000000000e+01	-3.618724802973442324e-03	-3.106940373842185821e+01
