Frequency	S11(dB)	S21(dB)
1.095000000000000107e+01	0.000000000000000000e+00	-1.189310716667490340e+02
1.096405000000000030e+01	0.000000000000000000e+00	-1.189447847264358700e+02
1.097810000000000130e+01	0.000000000000000000e+00	-1.189589215850882624e+02
1.099215000000000053e+01	0.000000000000000000e+00	-1.189734956825684549e+02
1.100620000000000154e+01	-9.643274665532871356e-16	-1.189885209859176740e+02
1.102025000000000077e+01	0.000000000000000000e+00	-1.190040120117692766e+02
1.103430000000000177e+01	0.000000000000000000e+00	-1.190199838495325366e+02
1.104835000000000100e+01	0.000000000000000000e+00	-1.190364521853231707e+02
1.106240000000000023e+01	0.000000000000000000e+00	-1.190534333266049885e+02
1.107645000000000124e+01	-9.643274665532871356e-16	-1.190709442274911680e+02
1.109050000000000047e+01	0.000000000000000000e+00	-1.190890025146356379e+02
1.110455000000000148e+01	-9.643274665532871356e-16	-1.191076265136223498e+02
1.111860000000000070e+01	0.000000000000000000e+00	-1.191268352757339102e+02
1.113265000000000171e+01	0.000000000000000000e+00	-1.191466486049481688e+02
1.114670000000000094e+01	0.000000000000000000e+00	-1.191670870849733603e+02
1.116075000000000017e+01	-9.643274665532871356e-16	-1.191881721060854886e+02
1.117480000000000118e+01	0.000000000000000000e+00	-1.192099258914769280e+02
1.118885000000000041e+01	-1.928654933106574271e-15	-1.192323715227583989e+02
1.120290000000000141e+01	0.000000000000000000e+00	-1.192555329641778741e+02
1.121695000000000064e+01	0.000000000000000000e+00	-1.192794350850253124e+02
1.123100000000000165e+01	-9.643274665532871356e-16	-1.193041036795799101e+02
1.124505000000000088e+01	0.000000000000000000e+00	-1.193295654838213125e+02
1.125910000000000188e+01	0.000000000000000000e+00	-1.193558481879669841e+02
1.127315000000000111e+01	0.000000000000000000e+00	-1.193829804437060460e+02
1.128720000000000034e+01	0.000000000000000000e+00	-1.194109918647714892e+02
1.130125000000000135e+01	-9.643274665532871356e-16	-1.194399130192212226e+02
1.131530000000000058e+01	-9.643274665532871356e-16	-1.194697754114727957e+02
1.132935000000000159e+01	-1.928654933106574271e-15	-1.195006114517497622e+02
1.134340000000000082e+01	0.000000000000000000e+00	-1.195324544101339370e+02
1.135745000000000182e+01	0.000000000000000000e+00	-1.195653383518664583e+02
1.137150000000000105e+01	0.000000000000000000e+00	-1.195992980498807725e+02
1.138555000000000028e+01	0.000000000000000000e+00	-1.196343688697624685e+02
1.139960000000000129e+01	0.000000000000000000e+00	-1.196705866213919194e+02
1.141365000000000052e+01	0.000000000000000000e+00	-1.197079873704021367e+02
1.142770000000000152e+01	0.000000000000000000e+00	-1.197466072012464480e+02
1.144175000000000075e+01	1.928654933106573877e-15	-1.197864819220689157e+02
1.145580000000000176e+01	0.000000000000000000e+00	-1.198276466996691738e+02
1.146985000000000099e+01	0.000000000000000000e+00	-1.198701356105807889e+02
1.148390000000000022e+01	-1.928654933106574271e-15	-1.199139810915839064e+02
1.149795000000000122e+01	-9.643274665532871356e-16	-1.199592132697659395e+02
1.151200000000000045e+01	-1.928654933106574271e-15	-1.200058591484490762e+02
1.152605000000000146e+01	0.000000000000000000e+00	-1.200539416208118837e+02
1.154010000000000069e+01	0.000000000000000000e+00	-1.201034782777605585e+02
1.155415000000000170e+01	-9.643274665532871356e-16	-1.201544799704211641e+02
1.156820000000000093e+01	-9.643274665532871356e-16	-1.202069490804395571e+02
1.158225000000000016e+01	-9.643274665532871356e-16	-1.202608774429873506e+02
1.159630000000000116e+01	0.000000000000000000e+00	-1.203162438579185931e+02
1.161035000000000039e+01	0.000000000000000000e+00	-1.203730111139011569e+02
1.162440000000000140e+01	-9.643274665532871356e-16	-1.204311224386527783e+02
1.163845000000000063e+01	0.000000000000000000e+00	-1.204904972759077282e+02
1.165250000000000163e+01	-9.643274665532871356e-16	-1.205510262769320065e+02
1.166655000000000086e+01	-9.643274665532871356e-16	-1.206125653821936083e+02
1.168060000000000187e+01	0.000000000000000000e+00	-1.206749288586126738e+02
1.169465000000000110e+01	-9.643274665532871356e-16	-1.207378811519098036e+02
1.170870000000000033e+01	0.000000000000000000e+00	-1.208011274152540011e+02
1.172275000000000134e+01	0.000000000000000000e+00	-1.208643025894806442e+02
1.173680000000000057e+01	0.000000000000000000e+00	-1.209269589432922629e+02
1.175085000000000157e+01	0.000000000000000000e+00	-1.209885520430911470e+02
1.176490000000000080e+01	-9.643274665532871356e-16	-1.210484252231177180e+02
1.177895000000000181e+01	0.000000000000000000e+00	-1.211057927817783195e+02
1.179300000000000104e+01	-9.643274665532871356e-16	-1.211597223559024172e+02
1.180705000000000027e+01	0.000000000000000000e+00	-1.212091172379109310e+02
1.182110000000000127e+01	-9.643274665532871356e-16	-1.212526998147593673e+02
1.183515000000000050e+01	0.000000000000000000e+00	-1.212889978253338086e+02
1.184920000000000151e+01	-9.643274665532871356e-16	-1.213163357380452680e+02
1.186325000000000074e+01	-2.169042068194605009e-06	-1.213328341926111165e+02
1.187730000000000175e+01	-5.348643601566716713e-06	-1.213364210307316853e+02
1.189135000000000097e+01	-8.504139267953204990e-06	-1.213248578001117863e+02
1.190540000000000020e+01	-1.163348217035973743e-05	-1.212957855345973002e+02
1.191945000000000121e+01	-1.473470434808257791e-05	-1.212467928331409155e+02
1.193350000000000044e+01	-1.780591520698383338e-05	-1.211755075502678380e+02
1.194755000000000145e+01	-2.084529995169254055e-05	-1.210797106676079551e+02
1.196160000000000068e+01	-2.385111807084056576e-05	-1.209574672918314207e+02
1.197565000000000168e+01	-2.682170182422357693e-05	-1.208072657263126359e+02
1.198970000000000091e+01	-2.975545475503054343e-05	-1.206281520535660832e+02
1.200375000000000014e+01	-3.265085022714154026e-05	-1.204198456897969720e+02
1.201780000000000115e+01	-3.550642997977888221e-05	-1.201828218257808771e+02
1.203185000000000038e+01	-3.832080271204770281e-05	-1.199183498917685142e+02
1.204590000000000138e+01	-4.109264267518609158e-05	-1.196284827039400653e+02
1.205995000000000061e+01	-4.382068829373990550e-05	-1.193159975270486370e+02
1.207400000000000162e+01	-4.650374080987614218e-05	-1.189842963189921647e+02
1.208805000000000085e+01	-4.914066293540541729e-05	-1.186372765212860827e+02
1.210210000000000008e+01	-5.173037754815794679e-05	-1.182791852342670325e+02
1.211615000000000109e+01	-5.427186636328125522e-05	-1.179144686318388153e+02
1.213020000000000032e+01	-5.676416868360714246e-05	-1.175476258529688778e+02
1.214425000000000132e+01	-5.920638011529687943e-05	-1.171830734428324945e+02
1.215830000000000055e+01	-6.159765133748306689e-05	-1.168250236552428021e+02
1.217235000000000156e+01	-6.393718686611948290e-05	-1.164773781323834498e+02
1.218640000000000079e+01	-6.622424385639839363e-05	-1.161436377598325294e+02
1.220045000000000002e+01	-6.845813091287644670e-05	-1.158268295981727363e+02
1.221450000000000102e+01	-7.063820692081008664e-05	-1.155294522527976824e+02
1.222855000000000025e+01	-7.276387989002132514e-05	-1.152534413653324066e+02
1.224260000000000126e+01	-7.483460581804440718e-05	-1.150001567202479293e+02
1.225665000000000049e+01	-7.684988758026799986e-05	-1.147703916072105415e+02
1.227070000000000149e+01	-7.880927382296465237e-05	-1.145644036606959730e+02
1.228475000000000072e+01	-8.071235787753002866e-05	-1.143819647095598100e+02
1.229879999999999995e+01	-8.255877670171793393e-05	-1.142224255977295542e+02
1.231285000000000096e+01	-8.434820981990549522e-05	-1.140847908335424421e+02
1.232690000000000019e+01	-8.608037829614046863e-05	-1.139677975020241973e+02
1.234095000000000120e+01	-8.775504370236152931e-05	-1.138699931623041266e+02
1.235500000000000043e+01	-8.937200713097297427e-05	-1.137898083204844681e+02
1.236905000000000143e+01	-9.093110819680650888e-05	-1.137256202880839453e+02
1.238310000000000066e+01	-9.243222407090149399e-05	-1.136758065585012645e+02
1.239714999999999989e+01	-9.387526851717326374e-05	-1.136387870508317945e+02
1.241120000000000090e+01	-9.526019095511382864e-05	-1.136130555480588242e+02
1.242525000000000013e+01	-9.658697553116732100e-05	-1.135972013394152924e+02
1.243930000000000113e+01	-9.785564020938762348e-05	-1.135899224718203300e+02
1.245335000000000036e+01	-9.906623586594919808e-05	-1.135900321691976274e+02
1.246740000000000137e+01	-1.002188454135482712e-04	-1.135964599544436169e+02
1.248145000000000060e+01	-1.013135829190497375e-04	-1.136082488703308968e+02
1.249550000000000161e+01	-1.023505927654896550e-04	-1.136245499965750696e+02
1.250955000000000084e+01	-1.033300487938232452e-04	-1.136446152408349519e+02
1.252360000000000184e+01	-1.042521534822783772e-04	-1.136677891686373982e+02
1.253765000000000107e+01	-1.051171371247412663e-04	-1.136935004464586143e+02
1.255170000000000030e+01	-1.059252570380693768e-04	-1.137212533108061621e+02
1.256575000000000131e+01	-1.066767967597576105e-04	-1.137506193453663030e+02
1.257980000000000054e+01	-1.073720652832108318e-04	-1.137812297464334677e+02
1.259385000000000154e+01	-1.080113962881920061e-04	-1.138127681800154960e+02
1.260790000000000077e+01	-1.085951473905543373e-04	-1.138449642781772866e+02
1.262195000000000178e+01	-1.091236994006499763e-04	-1.138775877829293677e+02
1.263600000000000101e+01	-1.095974556010231231e-04	-1.139104433196813773e+02
1.265005000000000024e+01	-1.100168410289227317e-04	-1.139433657656130094e+02
1.266410000000000124e+01	-1.103823017723135872e-04	-1.139762161687734334e+02
1.267815000000000047e+01	-1.106943042851724654e-04	-1.140088781691458877e+02
1.269220000000000148e+01	-1.109533346960318823e-04	-1.140412548718373245e+02
1.270625000000000071e+01	-1.111598981550959074e-04	-1.140732661237336885e+02
1.272030000000000172e+01	-1.113145181591743523e-04	-1.141048461475519673e+02
1.273435000000000095e+01	-1.114177359267613646e-04	-1.141359414906415566e+02
1.274840000000000018e+01	-1.114701097441823442e-04	-1.141665092496830596e+02
1.276245000000000118e+01	-1.114722143512776598e-04	-1.141965155363089082e+02
1.277650000000000041e+01	-1.114246403328712087e-04	-1.142259341524925134e+02
1.279055000000000142e+01	-1.113279935044521145e-04	-1.142547454481173759e+02
1.280460000000000065e+01	-1.111828943258210886e-04	-1.142829353364822822e+02
1.281865000000000165e+01	-1.109899773224510942e-04	-1.143104944465052313e+02
1.283270000000000088e+01	-1.107498905087757075e-04	-1.143374173931058237e+02
1.284675000000000011e+01	-1.104632948297995336e-04	-1.143637021496641069e+02
1.286080000000000112e+01	-1.101308636046368494e-04	-1.143893495085833223e+02
1.287485000000000035e+01	-1.097532819883720968e-04	-1.144143626178555451e+02
1.288890000000000136e+01	-1.093312464425994011e-04	-1.144387465831665338e+02
1.290295000000000059e+01	-1.088654642069261354e-04	-1.144625081265035931e+02
1.291700000000000159e+01	-1.083566527868700546e-04	-1.144856552934649585e+02
1.293105000000000082e+01	-1.078055394552572543e-04	-1.145081972025425898e+02
1.294510000000000005e+01	-1.072128607487984387e-04	-1.145301438305746586e+02
1.295915000000000106e+01	-1.065793619839520740e-04	-1.145515058293695745e+02
1.297320000000000029e+01	-1.059057967930389615e-04	-1.145722943691872189e+02
1.298725000000000129e+01	-1.051929266314266921e-04	-1.145925210053655832e+02
1.300130000000000052e+01	-1.044415203445037301e-04	-1.146121975648863440e+02
1.301535000000000153e+01	-1.036523536941513221e-04	-1.146313360501213339e+02
1.302940000000000076e+01	-1.028262089343975010e-04	-1.146499485573758506e+02
1.304344999999999999e+01	-1.019638743629628508e-04	-1.146680472081803259e+02
1.305750000000000099e+01	-1.010661439133092322e-04	-1.146856440915513389e+02
1.307155000000000022e+01	-1.001338167119727345e-04	-1.147027512156994931e+02
1.308560000000000123e+01	-9.916769669375790882e-05	-1.147193804678649087e+02
1.309965000000000046e+01	-9.816859218318058392e-05	-1.147355435811341238e+02
1.311370000000000147e+01	-9.713731550869908417e-05	-1.147512521072625020e+02
1.312775000000000070e+01	-9.607468261791054956e-05	-1.147665173946477353e+02
1.314179999999999993e+01	-9.498151268406903073e-05	-1.147813505707224948e+02
1.315585000000000093e+01	-9.385862776467874939e-05	-1.147957625281289040e+02
1.316990000000000016e+01	-9.270685240801390084e-05	-1.148097639141287942e+02
1.318395000000000117e+01	-9.152701331267812834e-05	-1.148233651227765790e+02
1.319800000000000040e+01	-9.031993897269973749e-05	-1.148365762894413677e+02
1.321205000000000140e+01	-8.908645934191470467e-05	-1.148494072873280061e+02
1.322610000000000063e+01	-8.782740549449338167e-05	-1.148618677256906722e+02
1.324014999999999986e+01	-8.654360929607586106e-05	-1.148739669494717646e+02
1.325420000000000087e+01	-8.523590308744478439e-05	-1.148857140401413659e+02
1.326825000000000188e+01	-8.390511936241322715e-05	-1.148971178175384580e+02
1.328230000000000111e+01	-8.255209047560802199e-05	-1.149081868425458026e+02
1.329635000000000034e+01	-8.117764831939545489e-05	-1.149189294204468723e+02
1.331040000000000134e+01	-7.978262405191790510e-05	-1.149293536048465398e+02
1.332445000000000057e+01	-7.836784779427272249e-05	-1.149394672020391965e+02
1.333849999999999980e+01	-7.693414835083638181e-05	-1.149492777757367037e+02
1.335255000000000081e+01	-7.548235294309036921e-05	-1.149587926520718497e+02
1.336660000000000181e+01	-7.401328692416153806e-05	-1.149680189248120428e+02
1.338065000000000104e+01	-7.252777353579430240e-05	-1.149769634607219047e+02
1.339470000000000027e+01	-7.102663363157217242e-05	-1.149856329050278134e+02
1.340875000000000128e+01	-6.951068543678521499e-05	-1.149940336869375415e+02
1.342280000000000051e+01	-6.798074430540556744e-05	-1.150021720251842794e+02
1.343684999999999974e+01	-6.643762246645629644e-05	-1.150100539335599450e+02
1.345090000000000074e+01	-6.488212880991923981e-05	-1.150176852264158214e+02
1.346495000000000175e+01	-6.331506863985635785e-05	-1.150250715241065222e+02
1.347900000000000098e+01	-6.173724345839101560e-05	-1.150322182583632866e+02
1.349305000000000021e+01	-6.014945075740490868e-05	-1.150391306775772193e+02
1.350710000000000122e+01	-5.855248379191367315e-05	-1.150458138519859403e+02
1.352115000000000045e+01	-5.694713138237367147e-05	-1.150522726787512084e+02
1.353519999999999968e+01	-5.533417770541761041e-05	-1.150585118869207548e+02
1.354925000000000068e+01	-5.371440210773530713e-05	-1.150645360422716834e+02
1.356330000000000169e+01	-5.208857891416938967e-05	-1.150703495520251920e+02
1.357735000000000092e+01	-5.045747722231127094e-05	-1.150759566694384830e+02
1.359140000000000015e+01	-4.882186075206511566e-05	-1.150813614982643571e+02
1.360545000000000115e+01	-4.718248764313870197e-05	-1.150865679970849556e+02
1.361950000000000038e+01	-4.554011029882317656e-05	-1.150915799835134834e+02
1.363355000000000139e+01	-4.389547521048710300e-05	-1.150964011382701671e+02
1.364760000000000062e+01	-4.224932280039359441e-05	-1.151010350091322891e+02
1.366165000000000163e+01	-4.060238726162535732e-05	-1.151054850147591679e+02
1.367570000000000086e+01	-3.895539640958255005e-05	-1.151097544483972825e+02
1.368975000000000009e+01	-3.730907152962402559e-05	-1.151138464814664246e+02
1.370380000000000109e+01	-3.566412722760244563e-05	-1.151177641670322913e+02
1.371785000000000032e+01	-3.402127130450837810e-05	-1.151215104431667839e+02
1.373190000000000133e+01	-3.238120460989981091e-05	-1.151250881362034875e+02
1.374595000000000056e+01	-3.074462091076171914e-05	-1.151284999638879469e+02
1.376000000000000156e+01	-2.911220677675989077e-05	-1.151317485384325607e+02
1.377405000000000079e+01	-2.748464143270814642e-05	-1.151348363694759627e+02
1.378810000000000002e+01	-2.586259667661070202e-05	-1.151377658669545099e+02
1.380215000000000103e+01	-2.424673672345164453e-05	-1.151405393438901115e+02
1.381620000000000026e+01	-2.263771812998872644e-05	-1.151431590191000112e+02
1.383025000000000126e+01	-2.103618967036689601e-05	-1.151456270198326592e+02
1.384430000000000049e+01	-1.944279222716159639e-05	-1.151479453843370635e+02
1.385835000000000150e+01	-1.785815871231677138e-05	-1.151501160643699961e+02
1.387240000000000073e+01	-1.628291395336749339e-05	-1.151521409276483610e+02
1.388644999999999996e+01	-1.471767460955722003e-05	-1.151540217602505436e+02
1.390050000000000097e+01	-1.316304908795547422e-05	-1.151557602689774171e+02
1.391455000000000020e+01	-1.161963744511095272e-05	-1.151573580836748079e+02
1.392860000000000120e+01	-1.008803132342086953e-05	-1.151588167595284347e+02
1.394265000000000043e+01	-8.568813858570713962e-06	-1.151601377793377168e+02
1.395670000000000144e+01	-7.062559613975571758e-06	-1.151613225557742908e+02
1.397075000000000067e+01	-5.569834509435712211e-06	-1.151623724336371311e+02
1.398479999999999990e+01	-4.091195749792448065e-06	-1.151632886921095320e+02
1.399885000000000090e+01	-2.627191764191828189e-06	-1.151640725470301163e+02
1.401290000000000013e+01	-1.178362141491226602e-06	-1.151647251531855147e+02
1.402695000000000114e+01	0.000000000000000000e+00	-1.151652476066366262e+02
1.404100000000000037e+01	-9.643274665532871356e-16	-1.151656409470897415e+02
1.405505000000000138e+01	0.000000000000000000e+00	-1.151659061603236296e+02
1.406910000000000061e+01	-9.643274665532871356e-16	-1.151660441806872370e+02
1.408314999999999984e+01	0.000000000000000000e+00	-1.151660558936803227e+02
1.409720000000000084e+01	0.000000000000000000e+00	-1.151659421386334969e+02
1.411125000000000007e+01	-9.643274665532871356e-16	-1.151657037115040509e+02
1.412530000000000108e+01	0.000000000000000000e+00	-1.151653413678039897e+02
1.413935000000000031e+01	0.000000000000000000e+00	-1.151648558256819399e+02
1.415340000000000131e+01	0.000000000000000000e+00	-1.151642477691782744e+02
1.416745000000000054e+01	0.000000000000000000e+00	-1.151635178516765023e+02
1.418149999999999977e+01	-9.643274665532871356e-16	-1.151626666995772155e+02
1.419555000000000078e+01	0.000000000000000000e+00	-1.151616949162207959e+02
1.420960000000000001e+01	0.000000000000000000e+00	-1.151606030860893952e+02
1.422365000000000101e+01	-9.643274665532871356e-16	-1.151593917793211688e+02
1.423770000000000024e+01	-9.643274665532871356e-16	-1.151580615565723065e+02
1.425175000000000125e+01	0.000000000000000000e+00	-1.151566129742671194e+02
1.426580000000000048e+01	0.000000000000000000e+00	-1.151550465902793405e+02
1.427984999999999971e+01	0.000000000000000000e+00	-1.151533629700921608e+02
1.429390000000000072e+01	-9.643274665532871356e-16	-1.151515626934909164e+02
1.430795000000000172e+01	0.000000000000000000e+00	-1.151496463618448587e+02
1.432200000000000095e+01	0.000000000000000000e+00	-1.151476146060438879e+02
1.433605000000000018e+01	0.000000000000000000e+00	-1.151454680951597140e+02
1.435010000000000119e+01	0.000000000000000000e+00	-1.151432075459107125e+02
1.436415000000000042e+01	1.928654933106573877e-15	-1.151408337330160094e+02
1.437819999999999965e+01	0.000000000000000000e+00	-1.151383475005357724e+02
1.439225000000000065e+01	0.000000000000000000e+00	-1.151357497743028091e+02
1.440630000000000166e+01	-9.643274665532871356e-16	-1.151330415755636949e+02
1.442035000000000089e+01	0.000000000000000000e+00	-1.151302240359596283e+02
1.443440000000000012e+01	0.000000000000000000e+00	-1.151272984139921505e+02
1.444845000000000113e+01	-9.643274665532871356e-16	-1.151242661131342970e+02
1.446250000000000036e+01	0.000000000000000000e+00	-1.151211287017665086e+02
1.447654999999999959e+01	0.000000000000000000e+00	-1.151178879351361104e+02
1.449060000000000059e+01	0.000000000000000000e+00	-1.151145457795620359e+02
1.450465000000000160e+01	-9.643274665532871356e-16	-1.151111044391319069e+02
1.451870000000000083e+01	-9.643274665532871356e-16	-1.151075663851664501e+02
1.453275000000000006e+01	0.000000000000000000e+00	-1.151039343887590718e+02
1.454680000000000106e+01	-9.643274665532871356e-16	-1.151002115567330719e+02
1.456085000000000029e+01	-9.643274665532871356e-16	-1.150964013713999776e+02
1.457489999999999952e+01	0.000000000000000000e+00	-1.150925077345479792e+02
1.458895000000000053e+01	0.000000000000000000e+00	-1.150885350161394456e+02
1.460300000000000153e+01	0.000000000000000000e+00	-1.150844881082552433e+02
1.461705000000000076e+01	0.000000000000000000e+00	-1.150803724848871923e+02
1.463109999999999999e+01	0.000000000000000000e+00	-1.150761942682536301e+02
1.464515000000000100e+01	-9.643274665532871356e-16	-1.150719603023954249e+02
1.465920000000000023e+01	0.000000000000000000e+00	-1.150676782349023739e+02
1.467325000000000124e+01	0.000000000000000000e+00	-1.150633566077254244e+02
1.468730000000000047e+01	0.000000000000000000e+00	-1.150590049581488472e+02
1.470135000000000147e+01	0.000000000000000000e+00	-1.150546339311299562e+02
1.471540000000000070e+01	0.000000000000000000e+00	-1.150502554043672774e+02
1.472944999999999993e+01	0.000000000000000000e+00	-1.150458826276280604e+02
1.474350000000000094e+01	0.000000000000000000e+00	-1.150415303780612533e+02
1.475755000000000017e+01	0.000000000000000000e+00	-1.150372151334429418e+02
1.477160000000000117e+01	0.000000000000000000e+00	-1.150329552655468888e+02
1.478565000000000040e+01	0.000000000000000000e+00	-1.150287712561183326e+02
1.479970000000000141e+01	0.000000000000000000e+00	-1.150246859382461366e+02
1.481375000000000064e+01	-1.928654933106574271e-15	-1.150207247662872021e+02
1.482779999999999987e+01	0.000000000000000000e+00	-1.150169161179076696e+02
1.484185000000000088e+01	0.000000000000000000e+00	-1.150132916322635168e+02
1.485590000000000011e+01	0.000000000000000000e+00	-1.150098865888633952e+02
1.486995000000000111e+01	0.000000000000000000e+00	-1.150067403322417050e+02
1.488400000000000034e+01	0.000000000000000000e+00	-1.150038967482306020e+02
1.489805000000000135e+01	0.000000000000000000e+00	-1.150014047983561625e+02
1.491210000000000058e+01	0.000000000000000000e+00	-1.149993191197196154e+02
1.492614999999999981e+01	0.000000000000000000e+00	-1.149977006986434844e+02
1.494020000000000081e+01	-9.643274665532871356e-16	-1.149966176274020597e+02
1.495425000000000182e+01	0.000000000000000000e+00	-1.149961459544932723e+02
1.496829999999999927e+01	0.000000000000000000e+00	-1.149963706401698147e+02
1.498235000000000028e+01	0.000000000000000000e+00	-1.149973866303307091e+02
1.499640000000000128e+01	0.000000000000000000e+00	-1.149993000633635063e+02
1.501045000000000051e+01	0.000000000000000000e+00	-1.150022296261396093e+02
1.502449999999999974e+01	-9.643274665532871356e-16	-1.150063080770607371e+02
1.503855000000000075e+01	0.000000000000000000e+00	-1.150116839558240969e+02
1.505260000000000176e+01	0.000000000000000000e+00	-1.150185235013574783e+02
1.506665000000000099e+01	0.000000000000000000e+00	-1.150270128011326989e+02
1.508070000000000022e+01	0.000000000000000000e+00	-1.150373601966665262e+02
1.509475000000000122e+01	-9.643274665532871356e-16	-1.150497989713916382e+02
1.510880000000000045e+01	-9.643274665532871356e-16	-1.150645903479962584e+02
1.512284999999999968e+01	-9.643274665532871356e-16	-1.150820268226028702e+02
1.513690000000000069e+01	0.000000000000000000e+00	-1.151024358624883064e+02
1.515095000000000169e+01	0.000000000000000000e+00	-1.151261839920367578e+02
1.516500000000000092e+01	-9.643274665532871356e-16	-1.151536812878502190e+02
1.517905000000000015e+01	0.000000000000000000e+00	-1.151853862978064456e+02
1.519310000000000116e+01	0.000000000000000000e+00	-1.152218113897344836e+02
1.520715000000000039e+01	0.000000000000000000e+00	-1.152635285224970119e+02
1.522119999999999962e+01	-9.643274665532871356e-16	-1.153111754148387860e+02
1.523525000000000063e+01	0.000000000000000000e+00	-1.153654620645683053e+02
1.524930000000000163e+01	0.000000000000000000e+00	-1.154271775417854116e+02
1.526335000000000086e+01	0.000000000000000000e+00	-1.154971969445214910e+02
1.527740000000000009e+01	-9.643274665532871356e-16	-1.155764883633315492e+02
1.529145000000000110e+01	-9.643274665532871356e-16	-1.156661196538980221e+02
1.530550000000000033e+01	-9.643274665532871356e-16	-1.157672647655210909e+02
1.531954999999999956e+01	-9.643274665532871356e-16	-1.158812093219545858e+02
1.533360000000000056e+01	-9.643274665532871356e-16	-1.160093551048733360e+02
1.534765000000000157e+01	1.928654933106573877e-15	-1.161532230569191739e+02
1.536170000000000080e+01	0.000000000000000000e+00	-1.163144544106228437e+02
1.537575000000000003e+01	-9.643274665532871356e-16	-1.164948095729155710e+02
1.538980000000000103e+01	0.000000000000000000e+00	-1.166961644640404216e+02
1.540385000000000026e+01	0.000000000000000000e+00	-1.169205041338828153e+02
1.541789999999999949e+01	0.000000000000000000e+00	-1.171699136613094652e+02
1.543195000000000050e+01	-9.643274665532871356e-16	-1.174465665753768775e+02
1.544600000000000151e+01	0.000000000000000000e+00	-1.177527112960967202e+02
1.546005000000000074e+01	0.000000000000000000e+00	-1.180906563272306897e+02
1.547409999999999997e+01	-9.643274665532871356e-16	-1.184627550625692720e+02
1.548815000000000097e+01	0.000000000000000000e+00	-1.188713909664729016e+02
1.550220000000000020e+01	-1.928654933106574271e-15	-1.193189633790909596e+02
1.551624999999999943e+01	0.000000000000000000e+00	-1.198078730135524239e+02
1.553030000000000044e+01	0.000000000000000000e+00	-1.203405039576899753e+02
1.554435000000000144e+01	-9.643274665532871356e-16	-1.209191950292360929e+02
1.555840000000000067e+01	0.000000000000000000e+00	-1.215461865958829435e+02
1.557244999999999990e+01	-1.932794204898563402e-07	-1.222235176412164606e+02
1.558650000000000091e+01	-1.701523358195128397e-06	-1.229528288527296525e+02
1.560055000000000014e+01	-3.230378441107531741e-06	-1.237349958415172750e+02
1.561459999999999937e+01	-4.779511080483339130e-06	-1.245694650876172886e+02
1.562865000000000038e+01	-6.348583943962463598e-06	-1.254530865323714295e+02
1.564270000000000138e+01	-7.937256042346858939e-06	-1.263781346215797612e+02
1.565675000000000061e+01	-9.545182826986640771e-06	-1.273291372377153436e+02
1.567079999999999984e+01	-1.117201626498676083e-05	-1.282782938677472657e+02
1.568485000000000085e+01	-1.281740494237933420e-05	-1.291801926276267523e+02
1.569890000000000008e+01	-1.448099414704519173e-05	-1.299690494028925229e+02
1.571294999999999931e+01	-1.616242595549288833e-05	-1.305654239046025964e+02
1.572700000000000031e+01	-1.786133932638814874e-05	-1.308989253558663677e+02
1.574105000000000132e+01	-1.957737019022618281e-05	-1.309399769199690127e+02
1.575510000000000055e+01	-2.131015153707548120e-05	-1.307158272258573390e+02
1.576914999999999978e+01	-2.305931350335743688e-05	-1.302948173156707128e+02
1.578320000000000078e+01	-2.482448346537651941e-05	-1.297546431763691999e+02
1.579725000000000179e+01	-2.660528612320726366e-05	-1.291595125403645454e+02
1.581129999999999924e+01	-2.840134359422478966e-05	-1.285533149687786363e+02
1.582535000000000025e+01	-3.021227550084955207e-05	-1.279623491423434558e+02
1.583940000000000126e+01	-3.203769904961329860e-05	-1.274006231068823780e+02
1.585345000000000049e+01	-3.387722914108384819e-05	-1.268744712747585481e+02
1.586749999999999972e+01	-3.573047843157354522e-05	-1.263857626909442331e+02
1.588155000000000072e+01	-3.759705744113579090e-05	-1.259339140055098198e+02
1.589560000000000173e+01	-3.947657463359629398e-05	-1.255170862688869988e+02
1.590964999999999918e+01	-4.136863650140612769e-05	-1.251328730246484895e+02
1.592370000000000019e+01	-4.327284766399571933e-05	-1.247786849769929205e+02
1.593775000000000119e+01	-4.518881093816347794e-05	-1.244519577881690253e+02
1.595180000000000042e+01	-4.711612744125192893e-05	-1.241502582343701420e+02
1.596584999999999965e+01	-4.905439666828719430e-05	-1.238713326906346737e+02
1.597990000000000066e+01	-5.100321657876203112e-05	-1.236131234468848703e+02
1.599395000000000167e+01	-5.296218368920510783e-05	-1.233737675826048275e+02
1.600799999999999912e+01	-5.493089315514296836e-05	-1.231515868669639531e+02
1.602205000000000013e+01	-5.690893885209787615e-05	-1.229450735137177730e+02
1.603610000000000113e+01	-5.889591346912234897e-05	-1.227528745048188199e+02
1.605015000000000214e+01	-6.089140859076185480e-05	-1.225737759663231827e+02
1.606419999999999959e+01	-6.289501477708928806e-05	-1.224066883665300196e+02
1.607825000000000060e+01	-6.490632165627594678e-05	-1.222506328953635659e+02
1.609230000000000160e+01	-6.692491800076920362e-05	-1.221047291509812283e+02
1.610634999999999906e+01	-6.895039182179279363e-05	-1.219681841311171695e+02
1.612040000000000006e+01	-7.098233043588174699e-05	-1.218402824594835323e+02
1.613445000000000107e+01	-7.302032056324057310e-05	-1.217203777459875624e+02
1.614849999999999852e+01	-7.506394840874385584e-05	-1.216078849683396044e+02
1.616254999999999953e+01	-7.711279972943637685e-05	-1.215022737627494678e+02
1.617660000000000053e+01	-7.916645993964257241e-05	-1.214030625175046083e+02
1.619065000000000154e+01	-8.122451417364575179e-05	-1.213098131721244357e+02
1.620470000000000255e+01	-8.328654737344006007e-05	-1.212221266346905537e+02
1.621875000000000000e+01	-8.535214436780399886e-05	-1.211396387398522592e+02
1.623280000000000101e+01	-8.742088996005310743e-05	-1.210620166793546559e+02
1.624685000000000201e+01	-8.949236899554190204e-05	-1.209889558455002856e+02
1.626089999999999947e+01	-9.156616645134605748e-05	-1.209201770356028760e+02
1.627495000000000047e+01	-9.364186751051526672e-05	-1.208554239722812298e+02
1.628900000000000148e+01	-9.571905763632650730e-05	-1.207944611003653677e+02
1.630304999999999893e+01	-9.779732266486013451e-05	-1.207370716263609154e+02
1.631709999999999994e+01	-9.987624886768160706e-05	-1.206830557709003244e+02
1.633115000000000094e+01	-1.019554230309174743e-04	-1.206322292084830963e+02
1.634519999999999840e+01	-1.040344325401175608e-04	-1.205844216721697819e+02
1.635924999999999940e+01	-1.061128654487237025e-04	-1.205394757037788906e+02
1.637330000000000041e+01	-1.081903105610040839e-04	-1.204972455326360432e+02
1.638735000000000142e+01	-1.102663574947363871e-04	-1.204575960680875824e+02
1.640140000000000242e+01	-1.123405967776434141e-04	-1.204204019928506000e+02
1.641544999999999987e+01	-1.144126198878972673e-04	-1.203855469458823961e+02
1.642950000000000088e+01	-1.164820193659848091e-04	-1.203529227848579950e+02
1.644355000000000189e+01	-1.185483888581054826e-04	-1.203224289195429577e+02
1.645759999999999934e+01	-1.206113232010359089e-04	-1.202939717084086908e+02
1.647165000000000035e+01	-1.226704185021730911e-04	-1.202674639117471997e+02
1.648570000000000135e+01	-1.247252721838974191e-04	-1.202428241953375618e+02
1.649974999999999881e+01	-1.267754830896534904e-04	-1.202199766794119142e+02
1.651379999999999981e+01	-1.288206515292780957e-04	-1.201988505282697730e+02
1.652785000000000082e+01	-1.308603793532584186e-04	-1.201793795764231874e+02
1.654189999999999827e+01	-1.328942700327766485e-04	-1.201615019876201416e+02
1.655594999999999928e+01	-1.349219287137176421e-04	-1.201451599434895456e+02
1.657000000000000028e+01	-1.369429622928567585e-04	-1.201302993589262087e+02
1.658405000000000129e+01	-1.389569794863330812e-04	-1.201168696216308547e+02
1.659810000000000230e+01	-1.409635908923369035e-04	-1.201048233535082659e+02
1.661214999999999975e+01	-1.429624090586192572e-04	-1.200941161918682383e+02
1.662620000000000076e+01	-1.449530485451798044e-04	-1.200847065885868119e+02
1.664025000000000176e+01	-1.469351260014202640e-04	-1.200765556255821878e+02
1.665429999999999922e+01	-1.489082602134033468e-04	-1.200696268451226700e+02
1.666835000000000022e+01	-1.508720721771490789e-04	-1.200638860936403205e+02
1.668240000000000123e+01	-1.528261851622882291e-04	-1.200593013778527052e+02
1.669644999999999868e+01	-1.547702247737868606e-04	-1.200558427321159911e+02
1.671049999999999969e+01	-1.567038190107784747e-04	-1.200534820960411082e+02
1.672455000000000069e+01	-1.586265983311818911e-04	-1.200521932014930542e+02
1.673859999999999815e+01	-1.605381957076409570e-04	-1.200519514681829349e+02
1.675264999999999915e+01	-1.624382466940713587e-04	-1.200527339071375224e+02
1.676670000000000016e+01	-1.643263894777433358e-04	-1.200545190313947188e+02
1.678075000000000117e+01	-1.662022649448645286e-04	-1.200572867733391860e+02
1.679480000000000217e+01	-1.680655167365203647e-04	-1.200610184081419902e+02
1.680884999999999962e+01	-1.699157913065427812e-04	-1.200656964828214512e+02
1.682290000000000063e+01	-1.717527379629852128e-04	-1.200713047504823123e+02
1.683695000000000164e+01	-1.735760089578154122e-04	-1.200778281093324296e+02
1.685099999999999909e+01	-1.753852595033176945e-04	-1.200852525461128693e+02
1.686505000000000010e+01	-1.771801478617860011e-04	-1.200935650836042612e+02
1.687910000000000110e+01	-1.789603353667480789e-04	-1.201027537319102834e+02
1.689314999999999856e+01	-1.807254865010866104e-04	-1.201128074432352975e+02
1.690719999999999956e+01	-1.824752689452656385e-04	-1.201237160699051856e+02
1.692125000000000057e+01	-1.842093536159133092e-04	-1.201354703253992113e+02
1.693530000000000157e+01	-1.859274147275496222e-04	-1.201480617481767297e+02
1.694934999999999903e+01	-1.876291298427413786e-04	-1.201614826681083201e+02
1.696340000000000003e+01	-1.893141799232223412e-04	-1.201757261753297428e+02
1.697745000000000104e+01	-1.909822493723337860e-04	-1.201907860913539423e+02
1.699150000000000205e+01	-1.926330260880732134e-04	-1.202066569422944156e+02
1.700554999999999950e+01	-1.942662015074637775e-04	-1.202233339340557734e+02
1.701960000000000051e+01	-1.958814706596032139e-04	-1.202408129293698522e+02
1.703365000000000151e+01	-1.974785322061760567e-04	-1.202590904265562557e+02
1.704769999999999897e+01	-1.990570884848589682e-04	-1.202781635399007314e+02
1.706174999999999997e+01	-2.006168455633341183e-04	-1.202980299815527871e+02
1.707580000000000098e+01	-2.021575132769084257e-04	-1.203186880448487415e+02
1.708984999999999843e+01	-2.036788052690259370e-04	-1.203401365889777992e+02
1.710389999999999944e+01	-2.051804390385308290e-04	-1.203623750249117279e+02
1.711795000000000044e+01	-2.066621359850015602e-04	-1.203854033025243666e+02
1.713200000000000145e+01	-2.081236214367266756e-04	-1.204092218988371883e+02
1.714605000000000246e+01	-2.095646247076113258e-04	-1.204338318073259018e+02
1.716009999999999991e+01	-2.109848791251530168e-04	-1.204592345282312920e+02
1.717415000000000092e+01	-2.123841220690253571e-04	-1.204854320598210649e+02
1.718820000000000192e+01	-2.137620950193053486e-04	-1.205124268905514100e+02
1.720224999999999937e+01	-2.151185435863776885e-04	-1.205402219920836160e+02
1.721630000000000038e+01	-2.164532175446966895e-04	-1.205688208131097525e+02
1.723035000000000139e+01	-2.177658708732986049e-04	-1.205982272739467334e+02
1.724439999999999884e+01	-2.190562618001711936e-04	-1.206284457618616273e+02
1.725844999999999985e+01	-2.203241528051560745e-04	-1.206594811270888101e+02
1.727250000000000085e+01	-2.215693106999993309e-04	-1.206913386795061740e+02
1.728654999999999831e+01	-2.227915066216102388e-04	-1.207240241859359458e+02
1.730059999999999931e+01	-2.239905160793236732e-04	-1.207575438680368336e+02
1.731465000000000032e+01	-2.251661189983049220e-04	-1.207919044007582841e+02
1.732870000000000132e+01	-2.263180997185944223e-04	-1.208271129113241784e+02
1.734275000000000233e+01	-2.274462470549063354e-04	-1.208631769787160692e+02
1.735679999999999978e+01	-2.285503543236392212e-04	-1.209001046336264267e+02
1.737085000000000079e+01	-2.296302193457777153e-04	-1.209379043588505738e+02
1.738490000000000180e+01	-2.306856445009047168e-04	-1.209765850900861608e+02
1.739894999999999925e+01	-2.317164367455325908e-04	-1.210161562171086445e+02
1.741300000000000026e+01	-2.327224076295052765e-04	-1.210566275852893909e+02
1.742705000000000126e+01	-2.337033733432598262e-04	-1.210980094974217423e+02
1.744109999999999872e+01	-2.346591547178342109e-04	-1.211403127158173021e+02
1.745514999999999972e+01	-2.355895772673068426e-04	-1.211835484646340575e+02
1.746920000000000073e+01	-2.364944711984476268e-04	-1.212277284323933912e+02
1.748324999999999818e+01	-2.373736714425492170e-04	-1.212728647746394017e+02
1.749729999999999919e+01	-2.382270176737569971e-04	-1.213189701166914176e+02
1.751135000000000019e+01	-2.390543543302920955e-04	-1.213660575564334181e+02
1.752540000000000120e+01	-2.398555306327809875e-04	-1.214141406670797494e+02
1.753945000000000221e+01	-2.406304006006564934e-04	-1.214632334998513983e+02
1.755349999999999966e+01	-2.413788230830236047e-04	-1.215133505864853447e+02
1.756755000000000067e+01	-2.421006617605945947e-04	-1.215645069414968447e+02
1.758160000000000167e+01	-2.427957851707686484e-04	-1.216167180640994303e+02
1.759564999999999912e+01	-2.434640667278892040e-04	-1.216699999396805367e+02
1.760970000000000013e+01	-2.441053847280716610e-04	-1.217243690407161409e+02
1.762375000000000114e+01	-2.447196223762109109e-04	-1.217798423269932897e+02
1.763779999999999859e+01	-2.453066677879155535e-04	-1.218364372449961621e+02
1.765184999999999960e+01	-2.458664140088000281e-04	-1.218941717262896418e+02
1.766590000000000060e+01	-2.463987590299196949e-04	-1.219530641847167658e+02
1.767994999999999806e+01	-2.469036057916326548e-04	-1.220131335122018470e+02
1.769399999999999906e+01	-2.473808622009629216e-04	-1.220743990729260133e+02
1.770805000000000007e+01	-2.478304411393197253e-04	-1.221368806956112962e+02
1.772210000000000107e+01	-2.482522604740735922e-04	-1.222005986636172992e+02
1.773615000000000208e+01	-2.486462430624180025e-04	-1.222655737025158516e+02
1.775019999999999953e+01	-2.490123167619807476e-04	-1.223318269647682399e+02
1.776425000000000054e+01	-2.493504144423999030e-04	-1.223993800110794581e+02
1.777830000000000155e+01	-2.496604739833979594e-04	-1.224682547879524179e+02
1.779234999999999900e+01	-2.499424382873217595e-04	-1.225384736009024920e+02
1.780640000000000001e+01	-2.501962552791450463e-04	-1.226100590827248169e+02
1.782045000000000101e+01	-2.504218779161145546e-04	-1.226830341561288407e+02
1.783449999999999847e+01	-2.506192641858237102e-04	-1.227574219899677246e+02
1.784854999999999947e+01	-2.507883771110361358e-04	-1.228332459481918306e+02
1.786260000000000048e+01	-2.509291847516163993e-04	-1.229105295305435277e+02
1.787665000000000148e+01	-2.510416602103175384e-04	-1.229892963038870448e+02
1.789069999999999894e+01	-2.511257816231388172e-04	-1.230695698229256720e+02
1.790474999999999994e+01	-2.511815321670416139e-04	-1.231513735389006712e+02
1.791880000000000095e+01	-2.512089000589859443e-04	-1.232347306946881105e+02
1.793285000000000196e+01	-2.512078785501446710e-04	-1.233196642045115112e+02
1.794689999999999941e+01	-2.511784659249397022e-04	-1.234061965162632362e+02
1.796095000000000041e+01	-2.511206655000774307e-04	-1.234943494541783480e+02
1.797500000000000142e+01	-2.510344856197269624e-04	-1.235841440393240305e+02
1.798904999999999887e+01	-2.509199396458760829e-04	-1.236756002850567313e+02
1.800309999999999988e+01	-2.507770459670097003e-04	-1.237687369642519855e+02
1.801715000000000089e+01	-2.506058279672496018e-04	-1.238635713447271200e+02
1.803119999999999834e+01	-2.504063140523908105e-04	-1.239601188888532448e+02
1.804524999999999935e+01	-2.501785376122903949e-04	-1.240583929128853242e+02
1.805930000000000035e+01	-2.499225370324380203e-04	-1.241584042010284037e+02
1.807335000000000136e+01	-2.496383556717739313e-04	-1.242601605687036965e+02
1.808740000000000236e+01	-2.493260418694372431e-04	-1.243636663688794499e+02
1.810144999999999982e+01	-2.489856489129397285e-04	-1.244689219346937961e+02
1.811550000000000082e+01	-2.486172350468426342e-04	-1.245759229509242374e+02
1.812955000000000183e+01	-2.482208634505736868e-04	-1.246846597461616852e+02
1.814359999999999928e+01	-2.477966022297443146e-04	-1.247951164968426951e+02
1.815765000000000029e+01	-2.473445243987887517e-04	-1.249072703335994561e+02
1.817170000000000130e+01	-2.468647078742092411e-04	-1.250210903397388620e+02
1.818574999999999875e+01	-2.463572354543212416e-04	-1.251365364310999269e+02
1.819979999999999976e+01	-2.458221948096058710e-04	-1.252535581061167278e+02
1.821385000000000076e+01	-2.452596784557037313e-04	-1.253720930547117689e+02
1.822789999999999822e+01	-2.446697837534102466e-04	-1.254920656147540683e+02
1.824194999999999922e+01	-2.440526128807050900e-04	-1.256133850653645538e+02
1.825600000000000023e+01	-2.434082728134601072e-04	-1.257359437474881076e+02
1.827005000000000123e+01	-2.427368753148262783e-04	-1.258596150040779946e+02
1.828410000000000224e+01	-2.420385369082266210e-04	-1.259842509351775846e+02
1.829814999999999969e+01	-2.413133788677071978e-04	-1.261096799674228635e+02
1.831220000000000070e+01	-2.405615271851433345e-04	-1.262357042433484082e+02
1.832625000000000171e+01	-2.397831125576972439e-04	-1.263620968437244727e+02
1.834029999999999916e+01	-2.389782703646674094e-04	-1.264885988663868233e+02
1.835435000000000016e+01	-2.381471406395162770e-04	-1.266149163980479386e+02
1.836840000000000117e+01	-2.372898680582912747e-04	-1.267407174317906282e+02
1.838244999999999862e+01	-2.364066019029731141e-04	-1.268656288026505763e+02
1.839649999999999963e+01	-2.354974960470035883e-04	-1.269892332370475572e+02
1.841055000000000064e+01	-2.345627089234549143e-04	-1.271110666387335044e+02
1.842459999999999809e+01	-2.336024035067001028e-04	-1.272306157638809339e+02
1.843864999999999910e+01	-2.326167472776888355e-04	-1.273473164699059623e+02
1.845270000000000010e+01	-2.316059122036887138e-04	-1.274605527548065709e+02
1.846675000000000111e+01	-2.305700747112758857e-04	-1.275696568335344523e+02
1.848080000000000211e+01	-2.295094156487174583e-04	-1.276739105214612664e+02
1.849484999999999957e+01	-2.284241202724629624e-04	-1.277725482075841370e+02
1.850890000000000057e+01	-2.273143782037401347e-04	-1.278647616959906088e+02
1.852295000000000158e+01	-2.261803834092602388e-04	-1.279497071670267729e+02
1.853699999999999903e+01	-2.250223341597423180e-04	-1.280265144534469641e+02
1.855105000000000004e+01	-2.238404330144754570e-04	-1.280942987367064063e+02
1.856510000000000105e+01	-2.226348867721283128e-04	-1.281521746421807677e+02
1.857914999999999850e+01	-2.214059064543465183e-04	-1.281992725513433982e+02
1.859319999999999951e+01	-2.201537072575265831e-04	-1.282347567612196997e+02
1.860725000000000051e+01	-2.188785085306270189e-04	-1.282578449206585560e+02
1.862129999999999797e+01	-2.175805337452644444e-04	-1.282678279792423268e+02
1.863534999999999897e+01	-2.162600104417012887e-04	-1.282640897228805841e+02
1.864939999999999998e+01	-2.149171702162999470e-04	-1.282461248666164693e+02
1.866345000000000098e+01	-2.135522486704034329e-04	-1.282135546533279751e+02
1.867750000000000199e+01	-2.121654853794666530e-04	-1.281661389821725834e+02
1.869154999999999944e+01	-2.107571238564021326e-04	-1.281037842657842702e+02
1.870560000000000045e+01	-2.093274115158898696e-04	-1.280265464785054519e+02
1.871965000000000146e+01	-2.078765996348294880e-04	-1.279346291831348168e+02
1.873369999999999891e+01	-2.064049433098994965e-04	-1.278283766738927199e+02
1.874774999999999991e+01	-2.049127014257246513e-04	-1.277082627072817331e+02
1.876180000000000092e+01	-2.034001366143636314e-04	-1.275748755718090308e+02
1.877584999999999837e+01	-2.018675152080464969e-04	-1.274289004432223038e+02
1.878989999999999938e+01	-2.003151072073417816e-04	-1.272711000688906466e+02
1.880395000000000039e+01	-1.987431862387158328e-04	-1.271022948230964573e+02
1.881800000000000139e+01	-1.971520295043769407e-04	-1.269233430873303234e+02
1.883204999999999885e+01	-1.955419177533356521e-04	-1.267351227582633300e+02
1.884609999999999985e+01	-1.939131352312491435e-04	-1.265385144970331339e+02
1.886015000000000086e+01	-1.922659696379803713e-04	-1.263343871323191792e+02
1.887420000000000186e+01	-1.906007120813001728e-04	-1.261235854377567165e+02
1.888824999999999932e+01	-1.889176570440899330e-04	-1.259069203368257774e+02
1.890230000000000032e+01	-1.872171023264713454e-04	-1.256851614542346738e+02
1.891635000000000133e+01	-1.854993490062589994e-04	-1.254590318349525546e+02
1.893039999999999878e+01	-1.837647013994128317e-04	-1.252292045889051764e+02
1.894444999999999979e+01	-1.820134670021679685e-04	-1.249963011864903990e+02
1.895850000000000080e+01	-1.802459564572737806e-04	-1.247608911215354368e+02
1.897254999999999825e+01	-1.784624834970879338e-04	-1.245234926678051863e+02
1.898659999999999926e+01	-1.766633649011365684e-04	-1.242845744767947167e+02
1.900065000000000026e+01	-1.748489204507807163e-04	-1.240445577932882770e+02
1.901469999999999771e+01	-1.730194728723113539e-04	-1.238038190970899564e+02
1.902875000000000227e+01	-1.711753478060814616e-04	-1.235626930115233648e+02
1.904279999999999973e+01	-1.693168737254922146e-04	-1.233214753498051977e+02
1.905685000000000073e+01	-1.674443819302343377e-04	-1.230804261980120486e+02
1.907090000000000174e+01	-1.655582064556307788e-04	-1.228397729575101494e+02
1.908494999999999919e+01	-1.636586840571993236e-04	-1.225997132901933782e+02
1.909900000000000020e+01	-1.617461541277104243e-04	-1.223604179268257610e+02
1.911305000000000121e+01	-1.598209586730705320e-04	-1.221220333124646800e+02
1.912709999999999866e+01	-1.578834422477031862e-04	-1.218846840737418091e+02
1.914114999999999966e+01	-1.559339519034309157e-04	-1.216484753011062878e+02
1.915520000000000067e+01	-1.539728371383572469e-04	-1.214134946453889086e+02
1.916924999999999812e+01	-1.520004498457491195e-04	-1.211798142326045706e+02
1.918330000000000268e+01	-1.500171442600261630e-04	-1.209474924041059296e+02
1.919735000000000014e+01	-1.480232769046789304e-04	-1.207165752913235366e+02
1.921139999999999759e+01	-1.460192065363300298e-04	-1.204870982356153064e+02
1.922545000000000215e+01	-1.440052940907239967e-04	-1.202590870644139756e+02
1.923949999999999960e+01	-1.419819026277529856e-04	-1.200325592350487369e+02
1.925355000000000061e+01	-1.399493972870906474e-04	-1.198075248574736236e+02
1.926760000000000161e+01	-1.379081452158598803e-04	-1.195839876067577450e+02
1.928164999999999907e+01	-1.358585155223385351e-04	-1.193619455356490562e+02
1.929570000000000007e+01	-1.338008792200213049e-04	-1.191413917968930747e+02
1.930975000000000108e+01	-1.317356091774684636e-04	-1.189223152843008080e+02
1.932379999999999853e+01	-1.296630800450101388e-04	-1.187047012008540179e+02
1.933784999999999954e+01	-1.275836682152031287e-04	-1.184885315614362611e+02
1.935190000000000055e+01	-1.254977517620721027e-04	-1.182737856371004739e+02
1.936594999999999800e+01	-1.234057103726365434e-04	-1.180604403471364776e+02
1.938000000000000256e+01	-1.213079253035107290e-04	-1.178484706045938424e+02
1.939405000000000001e+01	-1.192047793172526499e-04	-1.176378496203532507e+02
1.940809999999999746e+01	-1.170966566177490561e-04	-1.174285491703146818e+02
1.942215000000000202e+01	-1.149839428097089997e-04	-1.172205398297997192e+02
1.943619999999999948e+01	-1.128670248128338914e-04	-1.170137911788270912e+02
1.945025000000000048e+01	-1.107462908319193246e-04	-1.168082719815267865e+02
1.946430000000000149e+01	-1.086221302797045637e-04	-1.166039503426092097e+02
1.947834999999999894e+01	-1.064949337199734238e-04	-1.164007938434777287e+02
1.949239999999999995e+01	-1.043650928087267761e-04	-1.161987696602930100e+02
1.950645000000000095e+01	-1.022330002363195582e-04	-1.159978446660368547e+02
1.952049999999999841e+01	-1.000990496695980836e-04	-1.157979855183968567e+02
1.953454999999999941e+01	-9.796363568246557979e-05	-1.155991587350829093e+02
1.954860000000000042e+01	-9.582715369898430141e-05	-1.154013307580115253e+02
1.956264999999999787e+01	-9.368999994708583059e-05	-1.152044680076234044e+02
1.957670000000000243e+01	-9.155257136213576584e-05	-1.150085369284603019e+02
1.959074999999999989e+01	-8.941526556957466950e-05	-1.148135040269968243e+02
1.960479999999999734e+01	-8.727848079137643831e-05	-1.146193359026057692e+02
1.961885000000000190e+01	-8.514261579493784737e-05	-1.144259992724399808e+02
1.963289999999999935e+01	-8.300806983039640450e-05	-1.142334609909158303e+02
1.964695000000000036e+01	-8.087524257469865050e-05	-1.140416880644087030e+02
1.966100000000000136e+01	-7.874453405638216980e-05	-1.138506476616977494e+02
1.967504999999999882e+01	-7.661634460350190217e-05	-1.136603071206328508e+02
1.968909999999999982e+01	-7.449107478287764650e-05	-1.134706339514411582e+02
1.970315000000000083e+01	-7.236912532487692524e-05	-1.132815958370418343e+02
1.971719999999999828e+01	-7.025089707230641224e-05	-1.130931606306893684e+02
1.973124999999999929e+01	-6.813679091580292940e-05	-1.129052963512310583e+02
1.974530000000000030e+01	-6.602720772247451227e-05	-1.127179711762236423e+02
1.975934999999999775e+01	-6.392254827900664357e-05	-1.125311534331274146e+02
1.977340000000000231e+01	-6.182321323862613222e-05	-1.123448115887640313e+02
1.978744999999999976e+01	-5.972960302756326497e-05	-1.121589142372018841e+02
1.980150000000000077e+01	-5.764211781805326140e-05	-1.119734300862070882e+02
1.981555000000000177e+01	-5.556115743576327064e-05	-1.117883279423830487e+02
1.982959999999999923e+01	-5.348712131447205646e-05	-1.116035766950969190e+02
1.984365000000000023e+01	-5.142040841989119470e-05	-1.114191452992793643e+02
1.985770000000000124e+01	-4.936141719084464563e-05	-1.112350027571689282e+02
1.987174999999999869e+01	-4.731054547851982881e-05	-1.110511180990545341e+02
1.988579999999999970e+01	-4.526819047414702848e-05	-1.108674603630634579e+02
1.989985000000000070e+01	-4.323474865403705188e-05	-1.106839985740258498e+02
1.991389999999999816e+01	-4.121061570436809171e-05	-1.105007017214379914e+02
1.992794999999999916e+01	-3.919618647008130786e-05	-1.103175387365381255e+02
1.994200000000000017e+01	-3.719185487870382047e-05	-1.101344784684971501e+02
1.995604999999999762e+01	-3.519801388056582935e-05	-1.099514896597197264e+02
1.997010000000000218e+01	-3.321505538516044678e-05	-1.097685409202421027e+02
1.998414999999999964e+01	-3.124337019653961381e-05	-1.095856007012063174e+02
1.999820000000000064e+01	-2.928334794871013499e-05	-1.094026372673804985e+02
2.001225000000000165e+01	-2.733537703813704821e-05	-1.092196186686911403e+02
2.002629999999999910e+01	-2.539984456203318164e-05	-1.090365127107221497e+02
2.004035000000000011e+01	-2.347713625086293691e-05	-1.088532869241301739e+02
2.005440000000000111e+01	-2.156763640952532752e-05	-1.086699085329188676e+02
2.006844999999999857e+01	-1.967172784792956271e-05	-1.084863444215044836e+02
2.008249999999999957e+01	-1.778979182217851272e-05	-1.083025611005007960e+02
2.009655000000000058e+01	-1.592220795646577945e-05	-1.081185246711405767e+02
2.011059999999999803e+01	-1.406935419004555044e-05	-1.079342007882438423e+02
2.012464999999999904e+01	-1.223160671938102109e-05	-1.077495546216343030e+02
2.013870000000000005e+01	-1.040933991618477004e-05	-1.075645508158946484e+02
2.015274999999999750e+01	-8.602926269567586336e-06	-1.073791534483437999e+02
2.016680000000000206e+01	-6.812736335902082674e-06	-1.071933259851057585e+02
2.018084999999999951e+01	-5.039138647220388516e-06	-1.070070312351313504e+02
2.019490000000000052e+01	-3.282499673614421921e-06	-1.068202313020173477e+02
2.020895000000000152e+01	-1.543183743205861091e-06	-1.066328875334607886e+02
2.022299999999999898e+01	0.000000000000000000e+00	-1.064449604681642114e+02
2.023704999999999998e+01	1.928654933106573877e-15	-1.062564097799971137e+02
2.025110000000000099e+01	1.928654933106573877e-15	-1.060671942192005446e+02
2.026514999999999844e+01	0.000000000000000000e+00	-1.058772715504004225e+02
2.027919999999999945e+01	-9.643274665532871356e-16	-1.056865984871778039e+02
2.029325000000000045e+01	0.000000000000000000e+00	-1.054951306229202146e+02
2.030729999999999791e+01	-9.643274665532871356e-16	-1.053028223576517348e+02
2.032135000000000247e+01	0.000000000000000000e+00	-1.051096268205143645e+02
2.033539999999999992e+01	0.000000000000000000e+00	-1.049154957875422269e+02
2.034944999999999737e+01	0.000000000000000000e+00	-1.047203795943337070e+02
2.036350000000000193e+01	-9.643274665532871356e-16	-1.045242270431940455e+02
2.037754999999999939e+01	0.000000000000000000e+00	-1.043269853042761213e+02
2.039160000000000039e+01	0.000000000000000000e+00	-1.041285998102004129e+02
2.040565000000000140e+01	0.000000000000000000e+00	-1.039290141435892849e+02
2.041969999999999885e+01	-9.643274665532871356e-16	-1.037281699168860172e+02
2.043374999999999986e+01	0.000000000000000000e+00	-1.035260066437718507e+02
2.044780000000000086e+01	-9.643274665532871356e-16	-1.033224616014202297e+02
2.046184999999999832e+01	-9.643274665532871356e-16	-1.031174696827471564e+02
2.047589999999999932e+01	-9.643274665532871356e-16	-1.029109632377283674e+02
2.048995000000000033e+01	0.000000000000000000e+00	-1.027028719027539552e+02
2.050399999999999778e+01	0.000000000000000000e+00	-1.024931224168756074e+02
2.051805000000000234e+01	-9.643274665532871356e-16	-1.022816384236765828e+02
2.053209999999999980e+01	0.000000000000000000e+00	-1.020683402573493623e+02
2.054614999999999725e+01	0.000000000000000000e+00	-1.018531447114015265e+02
2.056020000000000181e+01	-9.643274665532871356e-16	-1.016359647882283355e+02
2.057424999999999926e+01	0.000000000000000000e+00	-1.014167094275779846e+02
2.058830000000000027e+01	0.000000000000000000e+00	-1.011952832116959797e+02
2.060235000000000127e+01	0.000000000000000000e+00	-1.009715860446652869e+02
2.061639999999999873e+01	0.000000000000000000e+00	-1.007455128031425886e+02
2.063044999999999973e+01	0.000000000000000000e+00	-1.005169529553367056e+02
2.064450000000000074e+01	-9.643274665532871356e-16	-1.002857901446635793e+02
2.065854999999999819e+01	0.000000000000000000e+00	-1.000519017340383812e+02
2.067259999999999920e+01	0.000000000000000000e+00	-9.981515830622129215e+01
2.068665000000000020e+01	0.000000000000000000e+00	-9.957542311500246512e+01
2.070069999999999766e+01	0.000000000000000000e+00	-9.933255148127713596e+01
2.071475000000000222e+01	0.000000000000000000e+00	-9.908639012721268102e+01
2.072879999999999967e+01	0.000000000000000000e+00	-9.883677644071622126e+01
2.074285000000000068e+01	-9.643274665532871356e-16	-9.858353766124486128e+01
2.075690000000000168e+01	-9.643274665532871356e-16	-9.832648997664419710e+01
2.077094999999999914e+01	-9.643274665532871356e-16	-9.806543751908817796e+01
2.078500000000000014e+01	-1.928654933106574271e-15	-9.780017124630242620e+01
2.079905000000000115e+01	0.000000000000000000e+00	-9.753046769200564370e+01
2.081309999999999860e+01	0.000000000000000000e+00	-9.725608756683165268e+01
2.082714999999999961e+01	-9.643274665532871356e-16	-9.697677418780814662e+01
2.084120000000000061e+01	0.000000000000000000e+00	-9.669225171064907443e+01
2.085524999999999807e+01	0.000000000000000000e+00	-9.640222313452380831e+01
2.086929999999999907e+01	0.000000000000000000e+00	-9.610636804341942252e+01
2.088335000000000008e+01	0.000000000000000000e+00	-9.580434004148580129e+01
2.089739999999999753e+01	-9.643274665532871356e-16	-9.549576383155523729e+01
2.091145000000000209e+01	0.000000000000000000e+00	-9.518023187599737867e+01
2.092549999999999955e+01	-9.643274665532871356e-16	-9.485730056673618549e+01
2.093955000000000055e+01	0.000000000000000000e+00	-9.452648581600075772e+01
2.095360000000000156e+01	0.000000000000000000e+00	-9.418725796044411425e+01
2.096764999999999901e+01	0.000000000000000000e+00	-9.383903584758881777e+01
2.098170000000000002e+01	0.000000000000000000e+00	-9.348117994382900520e+01
2.099575000000000102e+01	0.000000000000000000e+00	-9.311298426564631825e+01
2.100979999999999848e+01	-9.643274665532871356e-16	-9.273366688793116452e+01
2.102384999999999948e+01	-1.928654933106574271e-15	-9.234235872220688179e+01
2.103790000000000049e+01	-9.643274665532871356e-16	-9.193809017890532687e+01
2.105194999999999794e+01	0.000000000000000000e+00	-9.151977522594548020e+01
2.106599999999999895e+01	-9.643274665532871356e-16	-9.108619222300592355e+01
2.108004999999999995e+01	0.000000000000000000e+00	-9.063596073654359486e+01
2.109409999999999741e+01	-9.643274665532871356e-16	-9.016751331047649387e+01
2.110815000000000197e+01	0.000000000000000000e+00	-8.967906086204976646e+01
2.112219999999999942e+01	-9.643274665532871356e-16	-8.916854996542045342e+01
2.113625000000000043e+01	0.000000000000000000e+00	-8.863360974196180564e+01
2.115030000000000143e+01	0.000000000000000000e+00	-8.807148535135868883e+01
2.116434999999999889e+01	0.000000000000000000e+00	-8.747895411780794461e+01
2.117839999999999989e+01	0.000000000000000000e+00	-8.685221907877942726e+01
2.119245000000000090e+01	0.000000000000000000e+00	-8.618677319101180956e+01
2.120649999999999835e+01	0.000000000000000000e+00	-8.547722567751920053e+01
2.122054999999999936e+01	-9.643274665532871356e-16	-8.471708053752195156e+01
2.123460000000000036e+01	1.928654933106573877e-15	-8.389845761094379384e+01
2.124864999999999782e+01	0.000000000000000000e+00	-8.301175320924542689e+01
2.126270000000000238e+01	-1.928654933106574271e-15	-8.204526248787273346e+01
2.127674999999999983e+01	0.000000000000000000e+00	-8.098486368475499830e+01
2.129079999999999728e+01	0.000000000000000000e+00	-7.981409193125527679e+01
2.130485000000000184e+01	-1.928654933106574271e-15	-7.851558579568519747e+01
2.131889999999999930e+01	0.000000000000000000e+00	-7.707676643944083139e+01
2.133295000000000030e+01	-9.643274665532871356e-16	-7.550775562228008653e+01
2.134700000000000131e+01	0.000000000000000000e+00	-7.389093574866561198e+01
2.136104999999999876e+01	0.000000000000000000e+00	-7.248487442081889753e+01
2.137509999999999977e+01	0.000000000000000000e+00	-7.178393468768143748e+01
2.138915000000000077e+01	-9.643274665532871356e-16	-7.215811933096370012e+01
2.140319999999999823e+01	0.000000000000000000e+00	-7.335667510758982246e+01
2.141724999999999923e+01	0.000000000000000000e+00	-7.486068444614392092e+01
2.143130000000000024e+01	0.000000000000000000e+00	-7.635543556108167706e+01
2.144534999999999769e+01	0.000000000000000000e+00	-7.772954028344690869e+01
2.145940000000000225e+01	0.000000000000000000e+00	-7.896253814498369650e+01
2.147344999999999970e+01	0.000000000000000000e+00	-8.006414260158977925e+01
2.148749999999999716e+01	0.000000000000000000e+00	-8.105137876424805654e+01
2.150155000000000172e+01	0.000000000000000000e+00	-8.194112270751188021e+01
2.151559999999999917e+01	0.000000000000000000e+00	-8.274805626887788890e+01
2.152965000000000018e+01	0.000000000000000000e+00	-8.348440693011264102e+01
2.154370000000000118e+01	0.000000000000000000e+00	-8.416021746530012138e+01
2.155774999999999864e+01	0.000000000000000000e+00	-8.478372300099735526e+01
2.157179999999999964e+01	0.000000000000000000e+00	-8.536170258501488206e+01
2.158585000000000065e+01	0.000000000000000000e+00	-8.589977204441106551e+01
2.159989999999999810e+01	0.000000000000000000e+00	-8.640261775718516901e+01
2.161394999999999911e+01	0.000000000000000000e+00	-8.687418025178968151e+01
2.162800000000000011e+01	0.000000000000000000e+00	-8.731779778190498575e+01
2.164204999999999757e+01	0.000000000000000000e+00	-8.773631878092191982e+01
2.165610000000000213e+01	0.000000000000000000e+00	-8.813219035009939262e+01
2.167014999999999958e+01	-9.643274665532871356e-16	-8.850752831932470599e+01
2.168420000000000059e+01	0.000000000000000000e+00	-8.886417310237098377e+01
2.169825000000000159e+01	0.000000000000000000e+00	-8.920373454778199118e+01
2.171229999999999905e+01	-9.643274665532871356e-16	-8.952762821318660258e+01
2.172635000000000005e+01	-9.643274665532871356e-16	-8.983710491043373736e+01
2.174040000000000106e+01	0.000000000000000000e+00	-9.013327493437870430e+01
2.175444999999999851e+01	-9.643274665532871356e-16	-9.041712806228818522e+01
2.176849999999999952e+01	0.000000000000000000e+00	-9.068955016553789505e+01
2.178255000000000052e+01	-9.643274665532871356e-16	-9.095133708969585484e+01
2.179659999999999798e+01	-9.643274665532871356e-16	-9.120320631784841225e+01
2.181064999999999898e+01	1.928654933106573877e-15	-9.144580682386455805e+01
2.182469999999999999e+01	0.000000000000000000e+00	-9.167972743893351151e+01
2.183874999999999744e+01	-9.643274665532871356e-16	-9.190550399004592919e+01
2.185280000000000200e+01	0.000000000000000000e+00	-9.212362541860882459e+01
2.186684999999999945e+01	0.000000000000000000e+00	-9.233453904772817111e+01
2.188090000000000046e+01	0.000000000000000000e+00	-9.253865513535926368e+01
2.189495000000000147e+01	-9.643274665532871356e-16	-9.273635082560481635e+01
2.190899999999999892e+01	-9.643274665532871356e-16	-9.292797359052971728e+01
2.192304999999999993e+01	0.000000000000000000e+00	-9.311384423884555872e+01
2.193710000000000093e+01	0.000000000000000000e+00	-9.329425955488056843e+01
2.195114999999999839e+01	-7.353599823056030049e-07	-9.346949462074272219e+01
2.196519999999999939e+01	-2.691404093322775560e-06	-9.363980486600441111e+01
2.197925000000000040e+01	-4.674279422955719529e-06	-9.380542788220468253e+01
2.199329999999999785e+01	-6.683653748617950763e-06	-9.396658503367289939e+01
2.200734999999999886e+01	-8.719187308540420157e-06	-9.412348289138333257e+01
2.202139999999999986e+01	-1.078053278343025671e-05	-9.427631451257049378e+01
2.203544999999999732e+01	-1.286733529355853484e-05	-9.442526058551480617e+01
2.204950000000000188e+01	-1.497923240259813580e-05	-9.457049045612845362e+01
2.206354999999999933e+01	-1.711585410796084830e-05	-9.471216305063487084e+01
2.207760000000000034e+01	-1.927682284559920339e-05	-9.485042770666845513e+01
2.209165000000000134e+01	-2.146175348130753246e-05	-9.498542492345001165e+01
2.210569999999999879e+01	-2.367025332130948779e-05	-9.511728704028364234e+01
2.211974999999999980e+01	-2.590192209873715037e-05	-9.524613885141251046e+01
2.213380000000000081e+01	-2.815635199193293513e-05	-9.537209816424244480e+01
2.214784999999999826e+01	-3.043312761092845488e-05	-9.549527630706194259e+01
2.216189999999999927e+01	-3.273182601478188540e-05	-9.561577859162760262e+01
2.217595000000000027e+01	-3.505201670769997080e-05	-9.573370473533232428e+01
2.218999999999999773e+01	-3.739326164191024448e-05	-9.584914924711002016e+01
2.220405000000000229e+01	-3.975511522631922372e-05	-9.596220178074139540e+01
2.221809999999999974e+01	-4.213712433999220722e-05	-9.607294745880182063e+01
2.223214999999999719e+01	-4.453882832827507036e-05	-9.618146717012437819e+01
2.224620000000000175e+01	-4.695975901434535515e-05	-9.628783784332718199e+01
2.226024999999999920e+01	-4.939944071558506476e-05	-9.639213269867431677e+01
2.227430000000000021e+01	-5.185739024066678880e-05	-9.649442148029390864e+01
2.228835000000000122e+01	-5.433311691267685584e-05	-9.659477067055759392e+01
2.230239999999999867e+01	-5.682612257391627541e-05	-9.669324368823859572e+01
2.231644999999999968e+01	-5.933590159841632748e-05	-9.678990107189518710e+01
2.233050000000000068e+01	-6.186194090927598515e-05	-9.688480064977963480e+01
2.234454999999999814e+01	-6.440371998539168633e-05	-9.697799769744058551e+01
2.235859999999999914e+01	-6.696071088265238163e-05	-9.706954508407144999e+01
2.237265000000000015e+01	-6.953237825609887175e-05	-9.715949340855286209e+01
2.238669999999999760e+01	-7.211817935604644301e-05	-9.724789112604673846e+01
2.240075000000000216e+01	-7.471756407145997442e-05	-9.733478466591704148e+01
2.241479999999999961e+01	-7.732997492318390833e-05	-9.742021854167838057e+01
2.242884999999999707e+01	-7.995484710346038957e-05	-9.750423545361060462e+01
2.244290000000000163e+01	-8.259160848651773295e-05	-9.758687638461624658e+01
2.245694999999999908e+01	-8.523967965169541210e-05	-9.766818068984740364e+01
2.247100000000000009e+01	-8.789847390271201253e-05	-9.774818618058104391e+01
2.248505000000000109e+01	-9.056739729850549799e-05	-9.782692920277827398e+01
2.249909999999999854e+01	-9.324584866092963643e-05	-9.790444471072711963e+01
2.251314999999999955e+01	-9.593321962391744562e-05	-9.798076633613179354e+01
2.252720000000000056e+01	-9.862889462960620045e-05	-9.805592645298210641e+01
2.254124999999999801e+01	-1.013322509823232201e-04	-9.812995623850774507e+01
2.255529999999999902e+01	-1.040426588572481012e-04	-9.820288573049717229e+01
2.256935000000000002e+01	-1.067594813351125001e-04	-9.827474388123745541e+01
2.258339999999999748e+01	-1.094820744301499839e-04	-9.834555860831110863e+01
2.259745000000000203e+01	-1.122097871238323768e-04	-9.841535684246673554e+01
2.261149999999999949e+01	-1.149419613889631452e-04	-9.848416457276263714e+01
2.262555000000000049e+01	-1.176779322282363966e-04	-9.855200688916806939e+01
2.263960000000000150e+01	-1.204170277021886020e-04	-9.861890802279080503e+01
2.265364999999999895e+01	-1.231585689600440113e-04	-9.868489138388858350e+01
2.266769999999999996e+01	-1.259018702821324779e-04	-9.874997959780820622e+01
2.268175000000000097e+01	-1.286462391117003574e-04	-9.881419453898671179e+01
2.269579999999999842e+01	-1.313909760905791323e-04	-9.887755736313819455e+01
2.270984999999999943e+01	-1.341353750938904799e-04	-9.894008853774099066e+01
2.272390000000000043e+01	-1.368787232676449395e-04	-9.900180787093165691e+01
2.273794999999999789e+01	-1.396203010798420421e-04	-9.906273453890426595e+01
2.275199999999999889e+01	-1.423593823407120931e-04	-9.912288711190690549e+01
2.276604999999999990e+01	-1.450952342615324602e-04	-9.918228357892026281e+01
2.278009999999999735e+01	-1.478271174787281405e-04	-9.924094137109764802e+01
2.279415000000000191e+01	-1.505542861184755194e-04	-9.929887738404021036e+01
2.280819999999999936e+01	-1.532759878150185564e-04	-9.935610799897557399e+01
2.282225000000000037e+01	-1.559914637762382971e-04	-9.941264910290463774e+01
2.283630000000000138e+01	-1.586999488173999667e-04	-9.946851610777540031e+01
2.285034999999999883e+01	-1.614006714093662480e-04	-9.952372396873991534e+01
2.286439999999999984e+01	-1.640928537239179895e-04	-9.957828720154658697e+01
2.287845000000000084e+01	-1.667757116916126808e-04	-9.963221989911572507e+01
2.289249999999999829e+01	-1.694484550384278037e-04	-9.968553574734455935e+01
2.290654999999999930e+01	-1.721102873397636944e-04	-9.973824804018380519e+01
2.292060000000000031e+01	-1.747604060725182356e-04	-9.979036969402571344e+01
2.293464999999999776e+01	-1.773980026652342964e-04	-9.984191326144085110e+01
2.294869999999999877e+01	-1.800222625559623284e-04	-9.989289094429889815e+01
2.296274999999999977e+01	-1.826323652327663217e-04	-9.994331460630564834e+01
2.297679999999999723e+01	-1.852274843070179314e-04	-9.999319578498773353e+01
2.299085000000000178e+01	-1.878067875490826673e-04	-1.000425457031534222e+02
2.300489999999999924e+01	-1.903694369548658647e-04	-1.000913752798568055e+02
2.301895000000000024e+01	-1.929145888056094159e-04	-1.001396951408912770e+02
2.303300000000000125e+01	-1.954413937190104119e-04	-1.001875156288356834e+02
2.304704999999999870e+01	-1.979489967080557799e-04	-1.002348468126762526e+02
2.306109999999999971e+01	-2.004365372504656221e-04	-1.002816984970254168e+02
2.307515000000000072e+01	-2.029031493369224857e-04	-1.003280802309576103e+02
2.308919999999999817e+01	-2.053479615385880202e-04	-1.003740013164807863e+02
2.310324999999999918e+01	-2.077700970688355791e-04	-1.004194708166618568e+02
2.311730000000000018e+01	-2.101686738536625372e-04	-1.004644975634223556e+02
2.313134999999999764e+01	-2.125428045779952102e-04	-1.005090901650206803e+02
2.314540000000000219e+01	-2.148915967734622574e-04	-1.005532570132356511e+02
2.315944999999999965e+01	-2.172141528666305657e-04	-1.005970062902653837e+02
2.317349999999999710e+01	-2.195095702532804164e-04	-1.006403459753554728e+02
2.318755000000000166e+01	-2.217769413697882994e-04	-1.006832838511684116e+02
2.320159999999999911e+01	-2.240153537529390672e-04	-1.007258275099064662e+02
2.321565000000000012e+01	-2.262238901151690507e-04	-1.007679843591998861e+02
2.322970000000000113e+01	-2.284016284217392175e-04	-1.008097616277703139e+02
2.324374999999999858e+01	-2.305476419438004445e-04	-1.008511663708799517e+02
2.325779999999999959e+01	-2.326609993500350013e-04	-1.008922054755765174e+02
2.327185000000000059e+01	-2.347407647703323406e-04	-1.009328856657422762e+02
2.328589999999999804e+01	-2.367859978710390716e-04	-1.009732135069564833e+02
2.329994999999999905e+01	-2.387957539273169319e-04	-1.010131954111793959e+02
2.331400000000000006e+01	-2.407690839128607077e-04	-1.010528376412651426e+02
2.332804999999999751e+01	-2.427050345510433293e-04	-1.010921463153115383e+02
2.334210000000000207e+01	-2.446026484171729960e-04	-1.011311274108533382e+02
2.335614999999999952e+01	-2.464609640050709682e-04	-1.011697867689059507e+02
2.337019999999999698e+01	-2.482790158158305915e-04	-1.012081300978657907e+02
2.338425000000000153e+01	-2.500558344186117922e-04	-1.012461629772734852e+02
2.339829999999999899e+01	-2.517904465529038666e-04	-1.012838908614453004e+02
2.341234999999999999e+01	-2.534818751989664754e-04	-1.013213190829788601e+02
2.342640000000000100e+01	-2.551291396694877161e-04	-1.013584528561377738e+02
2.344044999999999845e+01	-2.567312556780990324e-04	-1.013952972801204453e+02
2.345449999999999946e+01	-2.582872354445372954e-04	-1.014318573422178673e+02
2.346855000000000047e+01	-2.597960877621983511e-04	-1.014681379208644927e+02
2.348259999999999792e+01	-2.612568180955872799e-04	-1.015041437885870153e+02
2.349664999999999893e+01	-2.626684286575185247e-04	-1.015398796148546978e+02
2.351069999999999993e+01	-2.640299185113908500e-04	-1.015753499688352974e+02
2.352474999999999739e+01	-2.653402836454973662e-04	-1.016105593220605527e+02
2.353880000000000194e+01	-2.665985170733748376e-04	-1.016455120510043173e+02
2.355284999999999940e+01	-2.678036089196890825e-04	-1.016802124395771187e+02
2.356689999999999685e+01	-2.689545465061218919e-04	-1.017146646815402278e+02
2.358095000000000141e+01	-2.700503144652258635e-04	-1.017488728828423774e+02
2.359499999999999886e+01	-2.710898947944902584e-04	-1.017828410638818752e+02
2.360904999999999987e+01	-2.720722669962369073e-04	-1.018165731616974625e+02
2.362310000000000088e+01	-2.729964081355464771e-04	-1.018500730320899237e+02
2.363714999999999833e+01	-2.738612929579767514e-04	-1.018833444516775728e+02
2.365119999999999933e+01	-2.746658939735300772e-04	-1.019163911198879475e+02
2.366525000000000034e+01	-2.754091815608734916e-04	-1.019492166608877994e+02
2.367929999999999779e+01	-2.760901240609524234e-04	-1.019818246254540526e+02
2.369334999999999880e+01	-2.767076878773566434e-04	-1.020142184927878191e+02
2.370739999999999981e+01	-2.772608375805452161e-04	-1.020464016722730776e+02
2.372144999999999726e+01	-2.777485359985712898e-04	-1.020783775051826865e+02
2.373550000000000182e+01	-2.781697443251672963e-04	-1.021101492663333232e+02
2.374954999999999927e+01	-2.785234222230101656e-04	-1.021417201656908276e+02
2.376360000000000028e+01	-2.788085279183077198e-04	-1.021730933499285499e+02
2.377765000000000128e+01	-2.790240183185321876e-04	-1.022042719039393717e+02
2.379169999999999874e+01	-2.791688490906157373e-04	-1.022352588523038861e+02
2.380574999999999974e+01	-2.792419748047243050e-04	-1.022660571607157323e+02
2.381980000000000075e+01	-2.792423490028124022e-04	-1.022966697373656899e+02
2.383384999999999820e+01	-2.791689243260054329e-04	-1.023270994342861684e+02
2.384789999999999921e+01	-2.790206526178746669e-04	-1.023573490486572126e+02
2.386195000000000022e+01	-2.787964850306059485e-04	-1.023874213240753051e+02
2.387599999999999767e+01	-2.784953721330994236e-04	-1.024173189517865268e+02
2.389004999999999868e+01	-2.781162640248556537e-04	-1.024470445718849305e+02
2.390409999999999968e+01	-2.776581104440779997e-04	-1.024766007744776033e+02
2.391814999999999714e+01	-2.771198608719181180e-04	-1.025059901008171721e+02
2.393220000000000169e+01	-2.765004646569743001e-04	-1.025352150444033157e+02
2.394624999999999915e+01	-2.757988711205042946e-04	-1.025642780520537087e+02
2.396030000000000015e+01	-2.750140296664609313e-04	-1.025931815249460328e+02
2.397435000000000116e+01	-2.741448899069585444e-04	-1.026219278196315372e+02
2.398839999999999861e+01	-2.731904017568812675e-04	-1.026505192490211158e+02
2.400244999999999962e+01	-2.721495155776748045e-04	-1.026789580833451510e+02
2.401650000000000063e+01	-2.710211822661707766e-04	-1.027072465510875787e+02
2.403054999999999808e+01	-2.698043533810223142e-04	-1.027353868398950283e+02
2.404459999999999908e+01	-2.684979812691404614e-04	-1.027633810974622293e+02
2.405865000000000009e+01	-2.671010191709160511e-04	-1.027912314323938148e+02
2.407269999999999754e+01	-2.656124213476226221e-04	-1.028189399150437850e+02
2.408674999999999855e+01	-2.640311431904978365e-04	-1.028465085783331290e+02
2.410079999999999956e+01	-2.623561413568271158e-04	-1.028739394185462430e+02
2.411484999999999701e+01	-2.605863738713123695e-04	-1.029012343961068154e+02
2.412890000000000157e+01	-2.587208002660152284e-04	-1.029283954363340285e+02
2.414294999999999902e+01	-2.567583816855843943e-04	-1.029554244301791499e+02
2.415700000000000003e+01	-2.546980810252719206e-04	-1.029823232349439195e+02
2.417105000000000103e+01	-2.525388630380912556e-04	-1.030090936749804769e+02
2.418509999999999849e+01	-2.502796944786208309e-04	-1.030357375423737665e+02
2.419914999999999949e+01	-2.479195442024488202e-04	-1.030622565976072025e+02
2.421320000000000050e+01	-2.454573833176930484e-04	-1.030886525702113659e+02
2.422724999999999795e+01	-2.428921852844470239e-04	-1.031149271593970838e+02
2.424129999999999896e+01	-2.402229260691940177e-04	-1.031410820346727064e+02
2.425534999999999997e+01	-2.374485842413611759e-04	-1.031671188364464200e+02
2.426939999999999742e+01	-2.345681411286992704e-04	-1.031930391766137092e+02
2.428345000000000198e+01	-2.315805809215521838e-04	-1.032188446391309213e+02
2.429749999999999943e+01	-2.284848908185944168e-04	-1.032445367805746628e+02
2.431154999999999688e+01	-2.252800611523168915e-04	-1.032701171306880497e+02
2.432560000000000144e+01	-2.219650855077632168e-04	-1.032955871929137714e+02
2.433964999999999890e+01	-2.185389608653746799e-04	-1.033209484449145066e+02
2.435369999999999990e+01	-2.150006877216554429e-04	-1.033462023390811737e+02
2.436775000000000091e+01	-2.113492702358755321e-04	-1.033713503030290610e+02
2.438179999999999836e+01	-2.075837163410927612e-04	-1.033963937400824307e+02
2.439584999999999937e+01	-2.037030378966419447e-04	-1.034213340297478680e+02
2.440990000000000038e+01	-1.997062507972282967e-04	-1.034461725281765609e+02
2.442394999999999783e+01	-1.955923751321670496e-04	-1.034709105686159489e+02
2.443799999999999883e+01	-1.913604353050846055e-04	-1.034955494618511409e+02
2.445204999999999984e+01	-1.870094601603700655e-04	-1.035200904966359161e+02
2.446609999999999729e+01	-1.825384831395210317e-04	-1.035445349401143034e+02
2.448015000000000185e+01	-1.779465423940942178e-04	-1.035688840382323406e+02
2.449419999999999931e+01	-1.732326809391574070e-04	-1.035931390161405830e+02
2.450824999999999676e+01	-1.683959467720252024e-04	-1.036173010785877580e+02
2.452230000000000132e+01	-1.634353930247463434e-04	-1.036413714103054531e+02
2.453634999999999877e+01	-1.583500780934459895e-04	-1.036653511763841777e+02
2.455039999999999978e+01	-1.531390657734536852e-04	-1.036892415226413675e+02
2.456445000000000078e+01	-1.478014253992524754e-04	-1.037130435759811178e+02
2.457849999999999824e+01	-1.423362319815342297e-04	-1.037367584447458455e+02
2.459254999999999924e+01	-1.367425663548619066e-04	-1.037603872190607035e+02
2.460660000000000025e+01	-1.310195153012225775e-04	-1.037839309711700508e+02
2.462064999999999770e+01	-1.251661716967236661e-04	-1.038073907557669173e+02
2.463469999999999871e+01	-1.191816346544309743e-04	-1.038307676103152630e+02
2.464874999999999972e+01	-1.130650096594908746e-04	-1.038540625553653740e+02
2.466279999999999717e+01	-1.068154087090730954e-04	-1.038772765948623800e+02
2.467685000000000173e+01	-1.004319504600272392e-04	-1.039004107164484196e+02
2.469089999999999918e+01	-9.391376036207272314e-05	-1.039234658917581413e+02
2.470495000000000019e+01	-8.725997079291637748e-05	-1.039464430767082774e+02
2.471900000000000119e+01	-8.046972122422720941e-05	-1.039693432117807674e+02
2.473304999999999865e+01	-7.354215834035746275e-05	-1.039921672223002957e+02
2.474709999999999965e+01	-6.647643618502773149e-05	-1.040149160187058044e+02
2.476115000000000066e+01	-5.927171630704623225e-05	-1.040375904968165059e+02
2.477519999999999811e+01	-5.192716791181244433e-05	-1.040601915380922833e+02
2.478924999999999912e+01	-4.444196798388888939e-05	-1.040827200098888881e+02
2.480330000000000013e+01	-3.681530144910889898e-05	-1.041051767657076965e+02
2.481734999999999758e+01	-2.904636130871674328e-05	-1.041275626454405199e+02
2.483139999999999858e+01	-2.113434877929184632e-05	-1.041498784756093983e+02
2.484544999999999959e+01	-1.307847345677920305e-05	-1.041721250696015346e+02
2.485949999999999704e+01	-4.877953429408183562e-06	-1.041943032278993684e+02
2.487355000000000160e+01	0.000000000000000000e+00	-1.042164137383063007e+02
2.488759999999999906e+01	0.000000000000000000e+00	-1.042384573761675313e+02
2.490165000000000006e+01	0.000000000000000000e+00	-1.042604349045868304e+02
2.491570000000000107e+01	0.000000000000000000e+00	-1.042823470746387926e+02
2.492974999999999852e+01	-9.643274665532871356e-16	-1.043041946255768835e+02
2.494379999999999953e+01	0.000000000000000000e+00	-1.043259782850376070e+02
2.495785000000000053e+01	0.000000000000000000e+00	-1.043476987692402957e+02
2.497189999999999799e+01	-9.643274665532871356e-16	-1.043693567831833633e+02
2.498594999999999899e+01	0.000000000000000000e+00	-1.043909530208364487e+02
2.500000000000000000e+01	0.000000000000000000e+00	-1.044124881653289805e+02
