Frequency	S11(dB)	S21(dB)
1.095000000000000107e+01	0.000000000000000000e+00	-1.433402522479293850e+02
1.096405000000000030e+01	-3.235614609892591907e-05	-1.440941789247557949e+02
1.097810000000000130e+01	-6.605598458667354762e-05	-1.449358099170829348e+02
1.099215000000000053e+01	-9.806880807371128094e-05	-1.458830066540112966e+02
1.100620000000000154e+01	-1.284406083415537371e-04	-1.469579618311226170e+02
1.102025000000000077e+01	-1.572164977045569911e-04	-1.481868202348525472e+02
1.103430000000000177e+01	-1.844407241008472512e-04	-1.495949755198847129e+02
1.104835000000000100e+01	-2.101566859539049498e-04	-1.511868448762760124e+02
1.106240000000000023e+01	-2.344069467447997901e-04	-1.528757751330408041e+02
1.107645000000000124e+01	-2.572332493604445060e-04	-1.543030146106501945e+02
1.109050000000000047e+01	-2.786765301771665457e-04	-1.547187164679093598e+02
1.110455000000000148e+01	-2.987769329228017281e-04	-1.537169832640121854e+02
1.111860000000000070e+01	-3.175738222775884977e-04	-1.518989003126017394e+02
1.113265000000000171e+01	-3.351057972725115033e-04	-1.499426954204429023e+02
1.114670000000000094e+01	-3.514107044347790886e-04	-1.481195331925511880e+02
1.116075000000000017e+01	-3.665256507265616972e-04	-1.464826903936386486e+02
1.117480000000000118e+01	-3.804870162382601850e-04	-1.450189893083490915e+02
1.118885000000000041e+01	-3.933304667094457787e-04	-1.437017615289018977e+02
1.120290000000000141e+01	-4.050909657895714576e-04	-1.425054766298077595e+02
1.121695000000000064e+01	-4.158027871337883260e-04	-1.414088452628970458e+02
1.123100000000000165e+01	-4.254995262440482021e-04	-1.403947874418358879e+02
1.124505000000000088e+01	-4.342141121778413842e-04	-1.394497026632485301e+02
1.125910000000000188e+01	-4.419788189952203721e-04	-1.385627141908803139e+02
1.127315000000000111e+01	-4.488252770462170492e-04	-1.377250442623699769e+02
1.128720000000000034e+01	-4.547844840570730855e-04	-1.369295313798236293e+02
1.130125000000000135e+01	-4.598868160441061574e-04	-1.361702654616168786e+02
1.131530000000000058e+01	-4.641620380242500411e-04	-1.354423131496829456e+02
1.132935000000000159e+01	-4.676393145568864514e-04	-1.347415101260896790e+02
1.134340000000000082e+01	-4.703472201159089811e-04	-1.340643028251068642e+02
1.135745000000000182e+01	-4.723137492697483805e-04	-1.334076265904030265e+02
1.137150000000000105e+01	-4.735663267145970258e-04	-1.327688108629508577e+02
1.138555000000000028e+01	-4.741318171086730728e-04	-1.321455045597230651e+02
1.139960000000000129e+01	-4.740365347778432645e-04	-1.315356166491837939e+02
1.141365000000000052e+01	-4.733062532404517186e-04	-1.309372682480429830e+02
1.142770000000000152e+01	-4.719662145676758428e-04	-1.303487535070706826e+02
1.144175000000000075e+01	-4.700411386034473310e-04	-1.297685072315866535e+02
1.145580000000000176e+01	-4.675552320255495762e-04	-1.291950776716102496e+02
1.146985000000000099e+01	-4.645321972555397326e-04	-1.286271032713588909e+02
1.148390000000000022e+01	-4.609952412183999774e-04	-1.280632924251570444e+02
1.149795000000000122e+01	-4.569670839634304644e-04	-1.275024054727921197e+02
1.151200000000000045e+01	-4.524699671443985780e-04	-1.269432382998386402e+02
1.152605000000000146e+01	-4.475256623424964369e-04	-1.263846069996964303e+02
1.154010000000000069e+01	-4.421554792841307863e-04	-1.258253331121413794e+02
1.155415000000000170e+01	-4.363802738840616901e-04	-1.252642289830018143e+02
1.156820000000000093e+01	-4.302204561977415135e-04	-1.247000827935290346e+02
1.158225000000000016e+01	-4.236959982046965010e-04	-1.241316427861538330e+02
1.159630000000000116e+01	-4.168264414933062385e-04	-1.235576001633281464e+02
1.161035000000000039e+01	-4.096309048054714522e-04	-1.229765700529951857e+02
1.162440000000000140e+01	-4.021280914604189599e-04	-1.223870698094289224e+02
1.163845000000000063e+01	-3.943362966547118769e-04	-1.217874937384881804e+02
1.165250000000000163e+01	-3.862734146586818142e-04	-1.211760830815932621e+02
1.166655000000000086e+01	-3.779569458571728968e-04	-1.205508897325605915e+02
1.168060000000000187e+01	-3.694040037338940964e-04	-1.199097316494945034e+02
1.169465000000000110e+01	-3.606313216845895937e-04	-1.192501371889756143e+02
1.170870000000000033e+01	-3.516552597563978489e-04	-1.185692745200784657e+02
1.172275000000000134e+01	-3.424918112603318049e-04	-1.178638606929268065e+02
1.173680000000000057e+01	-3.331566092867478787e-04	-1.171300425488673937e+02
1.175085000000000157e+01	-3.236649331006327679e-04	-1.163632379780063957e+02
1.176490000000000080e+01	-3.140317144600815263e-04	-1.155579202110232018e+02
1.177895000000000181e+01	-3.042715437904362926e-04	-1.147073183720523559e+02
1.179300000000000104e+01	-2.943986762998933890e-04	-1.138029916376626574e+02
1.180705000000000027e+01	-2.844270379835164711e-04	-1.128342066835644886e+02
1.182110000000000127e+01	-2.743702315050285979e-04	-1.117869978116318066e+02
1.183515000000000050e+01	-2.642415420142255143e-04	-1.106426930252462881e+02
1.184920000000000151e+01	-2.540539428681677257e-04	-1.093754942554461138e+02
1.186325000000000074e+01	-2.438201012387768358e-04	-1.079482742344423940e+02
1.187730000000000175e+01	-2.335523836405709876e-04	-1.063047353691837600e+02
1.189135000000000097e+01	-2.232628613804536776e-04	-1.043533450995948186e+02
1.190540000000000020e+01	-2.129633159015749053e-04	-1.019298817697886079e+02
1.191945000000000121e+01	-2.026652440463230114e-04	-9.869156594087769463e+01
1.193350000000000044e+01	-1.923798632374714226e-04	-9.370105102728570046e+01
1.194755000000000145e+01	-1.821181165697514036e-04	-8.172636821795845208e+01
1.196160000000000068e+01	-1.718906778156975134e-04	-8.742488294521965031e+01
1.197565000000000168e+01	-1.617079563727560562e-04	-9.521414046938305376e+01
1.198970000000000091e+01	-1.515801020860704817e-04	-9.916138308188575934e+01
1.200375000000000014e+01	-1.415170100346895444e-04	-1.017968129303278602e+02
1.201780000000000115e+01	-1.315283252069339784e-04	-1.037633974740352585e+02
1.203185000000000038e+01	-1.216234471295245245e-04	-1.053237778554674264e+02
1.204590000000000138e+01	-1.118115343848871072e-04	-1.066112938420671981e+02
1.205995000000000061e+01	-1.021015090793102727e-04	-1.077029898654978979e+02
1.207400000000000162e+01	-9.250206123398136240e-05	-1.086474188918887052e+02
1.208805000000000085e+01	-8.302165307767913824e-05	-1.094771543153213997e+02
1.210210000000000008e+01	-7.366852329801287314e-05	-1.102151088872140576e+02
1.211615000000000109e+01	-6.445069120394875378e-05	-1.108780097295843916e+02
1.213020000000000032e+01	-5.537596081986968853e-05	-1.114784392347704909e+02
1.214425000000000132e+01	-4.645192489862664620e-05	-1.120260981955121053e+02
1.215830000000000055e+01	-3.768596888154257096e-05	-1.125286217734293359e+02
1.217235000000000156e+01	-2.908527478704182493e-05	-1.129921257564912480e+02
1.218640000000000079e+01	-2.065682500186423842e-05	-1.134215834751266243e+02
1.220045000000000002e+01	-1.240740604043437701e-05	-1.138210927047947223e+02
1.221450000000000102e+01	-4.343612220308588583e-06	-1.141940689663655206e+02
1.222855000000000025e+01	1.928654933106573877e-15	-1.145433883085870832e+02
1.224260000000000126e+01	0.000000000000000000e+00	-1.148714946285533358e+02
1.225665000000000049e+01	0.000000000000000000e+00	-1.151804815982034995e+02
1.227070000000000149e+01	0.000000000000000000e+00	-1.154721560804306932e+02
1.228475000000000072e+01	0.000000000000000000e+00	-1.157480878354097342e+02
1.229879999999999995e+01	0.000000000000000000e+00	-1.160096489253671450e+02
1.231285000000000096e+01	0.000000000000000000e+00	-1.162580452768525419e+02
1.232690000000000019e+01	0.000000000000000000e+00	-1.164943422009711895e+02
1.234095000000000120e+01	-9.643274665532871356e-16	-1.167194852076086704e+02
1.235500000000000043e+01	-9.643274665532871356e-16	-1.169343171173041895e+02
1.236905000000000143e+01	0.000000000000000000e+00	-1.171395922333158666e+02
1.238310000000000066e+01	0.000000000000000000e+00	-1.173359881593083855e+02
1.239714999999999989e+01	-9.643274665532871356e-16	-1.175241157164875148e+02
1.241120000000000090e+01	-9.643274665532871356e-16	-1.177045273151568381e+02
1.242525000000000013e+01	-9.643274665532871356e-16	-1.178777240606870294e+02
1.243930000000000113e+01	-9.643274665532871356e-16	-1.180441618164747695e+02
1.245335000000000036e+01	-9.643274665532871356e-16	-1.182042564021239315e+02
1.246740000000000137e+01	0.000000000000000000e+00	-1.183583880705568703e+02
1.248145000000000060e+01	0.000000000000000000e+00	-1.185069053806716113e+02
1.249550000000000161e+01	-9.643274665532871356e-16	-1.186501285607556611e+02
1.250955000000000084e+01	-9.643274665532871356e-16	-1.187883524408335916e+02
1.252360000000000184e+01	-9.643274665532871356e-16	-1.189218490184900361e+02
1.253765000000000107e+01	0.000000000000000000e+00	-1.190508697117237205e+02
1.255170000000000030e+01	-9.643274665532871356e-16	-1.191756473434896435e+02
1.256575000000000131e+01	0.000000000000000000e+00	-1.192963978953375772e+02
1.257980000000000054e+01	-9.643274665532871356e-16	-1.194133220616200362e+02
1.259385000000000154e+01	0.000000000000000000e+00	-1.195266066308611244e+02
1.260790000000000077e+01	0.000000000000000000e+00	-1.196364257168407477e+02
1.262195000000000178e+01	0.000000000000000000e+00	-1.197429418585993517e+02
1.263600000000000101e+01	0.000000000000000000e+00	-1.198463070057735820e+02
1.265005000000000024e+01	-9.643274665532871356e-16	-1.199466634033358048e+02
1.266410000000000124e+01	0.000000000000000000e+00	-1.200441443878446819e+02
1.267815000000000047e+01	-9.643274665532871356e-16	-1.201388751056570356e+02
1.269220000000000148e+01	0.000000000000000000e+00	-1.202309731621480040e+02
1.270625000000000071e+01	-9.643274665532871356e-16	-1.203205492097951321e+02
1.272030000000000172e+01	-9.643274665532871356e-16	-1.204077074819674067e+02
1.273435000000000095e+01	0.000000000000000000e+00	-1.204925462783918846e+02
1.274840000000000018e+01	0.000000000000000000e+00	-1.205751584075275957e+02
1.276245000000000118e+01	0.000000000000000000e+00	-1.206556315904366983e+02
1.277650000000000041e+01	0.000000000000000000e+00	-1.207340488301917105e+02
1.279055000000000142e+01	0.000000000000000000e+00	-1.208104887503819072e+02
1.280460000000000065e+01	0.000000000000000000e+00	-1.208850259058685594e+02
1.281865000000000165e+01	0.000000000000000000e+00	-1.209577310685810261e+02
1.283270000000000088e+01	0.000000000000000000e+00	-1.210286714908329344e+02
1.284675000000000011e+01	0.000000000000000000e+00	-1.210979111483664497e+02
1.286080000000000112e+01	-9.643274665532871356e-16	-1.211655109650938584e+02
1.287485000000000035e+01	0.000000000000000000e+00	-1.212315290212976890e+02
1.288890000000000136e+01	-9.643274665532871356e-16	-1.212960207468674980e+02
1.290295000000000059e+01	0.000000000000000000e+00	-1.213590391009908842e+02
1.291700000000000159e+01	-9.643274665532871356e-16	-1.214206347395743251e+02
1.293105000000000082e+01	-9.643274665532871356e-16	-1.214808561715445592e+02
1.294510000000000005e+01	-9.643274665532871356e-16	-1.215397499050713890e+02
1.295915000000000106e+01	0.000000000000000000e+00	-1.215973605846543393e+02
1.297320000000000029e+01	0.000000000000000000e+00	-1.216537311199299296e+02
1.298725000000000129e+01	-9.643274665532871356e-16	-1.217089028069795944e+02
1.300130000000000052e+01	-9.643274665532871356e-16	-1.217629154428497316e+02
1.301535000000000153e+01	0.000000000000000000e+00	-1.218158074339359302e+02
1.302940000000000076e+01	-9.643274665532871356e-16	-1.218676158988290297e+02
1.304344999999999999e+01	-7.656404835159821503e-06	-1.219183767661736653e+02
1.305750000000000099e+01	-1.714798801384720617e-05	-1.219681248680468570e+02
1.307155000000000022e+01	-2.695957712971546472e-05	-1.220168940293274176e+02
1.308560000000000123e+01	-3.708932535232735834e-05	-1.220647171534926798e+02
1.309965000000000046e+01	-4.753519706233858607e-05	-1.221116263052499420e+02
1.311370000000000147e+01	-5.829495900864013373e-05	-1.221576527903831533e+02
1.312775000000000070e+01	-6.936617076426355544e-05	-1.222028272331722292e+02
1.314179999999999993e+01	-8.074617447525186205e-05	-1.222471796517216376e+02
1.315585000000000093e+01	-9.243208380990756675e-05	-1.222907395315163797e+02
1.316990000000000016e+01	-1.044207721016548481e-04	-1.223335358975070619e+02
1.318395000000000117e+01	-1.167088596324634329e-04	-1.223755973850124690e+02
1.319800000000000040e+01	-1.292926999873872081e-04	-1.224169523097136505e+02
1.321205000000000140e+01	-1.421683654618798324e-04	-1.224576287370042138e+02
1.322610000000000063e+01	-1.553316314582247194e-04	-1.224976545509507559e+02
1.324014999999999986e+01	-1.687779597765567876e-04	-1.225370575231087713e+02
1.325420000000000087e+01	-1.825024808438533363e-04	-1.225758653814321519e+02
1.326825000000000188e+01	-1.964999746966863622e-04	-1.226141058795078322e+02
1.328230000000000111e+01	-2.107648507755770803e-04	-1.226518068663400953e+02
1.329635000000000034e+01	-2.252911263795306148e-04	-1.226889963569050508e+02
1.331040000000000134e+01	-2.400724037923025744e-04	-1.227257026036897685e+02
1.332445000000000057e+01	-2.551018459656188278e-04	-1.227619541694256355e+02
1.333849999999999980e+01	-2.703721507323258782e-04	-1.227977800012223497e+02
1.335255000000000081e+01	-2.858755234665157898e-04	-1.228332095063017846e+02
1.336660000000000181e+01	-3.016036481607097886e-04	-1.228682726295286045e+02
1.338065000000000104e+01	-3.175476568207517055e-04	-1.229029999329269316e+02
1.339470000000000027e+01	-3.336980971648890386e-04	-1.229374226773678771e+02
1.340875000000000128e+01	-3.500448985643408659e-04	-1.229715729066045782e+02
1.342280000000000051e+01	-3.665773361568643723e-04	-1.230054835338246164e+02
1.343684999999999974e+01	-3.832839931458425792e-04	-1.230391884308789656e+02
1.345090000000000074e+01	-4.001527211980860331e-04	-1.230727225203366260e+02
1.346495000000000175e+01	-4.171705989750587530e-04	-1.231061218705002887e+02
1.347900000000000098e+01	-4.343238887435153274e-04	-1.231394237935034255e+02
1.349305000000000021e+01	-4.515979911214848845e-04	-1.231726669465908515e+02
1.350710000000000122e+01	-4.689773979432112399e-04	-1.232058914366638902e+02
1.352115000000000045e+01	-4.864456433240696431e-04	-1.232391389281457350e+02
1.353519999999999968e+01	-5.039852529717704643e-04	-1.232724527541952710e+02
1.354925000000000068e+01	-5.215776918740705785e-04	-1.233058780312627931e+02
1.356330000000000169e+01	-5.392033104556139423e-04	-1.233394617769442760e+02
1.357735000000000092e+01	-5.568412894267281118e-04	-1.233732530310456497e+02
1.359140000000000015e+01	-5.744695834843287566e-04	-1.234073029797201713e+02
1.360545000000000115e+01	-5.920648641794101080e-04	-1.234416650824842208e+02
1.361950000000000038e+01	-6.096024622058178856e-04	-1.234763952018538475e+02
1.363355000000000139e+01	-6.270563095607979698e-04	-1.235115517352729171e+02
1.364760000000000062e+01	-6.443988819661148519e-04	-1.235471957489239685e+02
1.366165000000000163e+01	-6.616011420947885691e-04	-1.235833911129242324e+02
1.367570000000000086e+01	-6.786324842208595661e-04	-1.236202046373133498e+02
1.368975000000000009e+01	-6.954606809472278165e-04	-1.236577062081310174e+02
1.370380000000000109e+01	-7.120518328836361946e-04	-1.236959689227688273e+02
1.371785000000000032e+01	-7.283703221035018509e-04	-1.237350692236542926e+02
1.373190000000000133e+01	-7.443787704378614783e-04	-1.237750870291925906e+02
1.374595000000000056e+01	-7.600380037621350159e-04	-1.238161058607490475e+02
1.376000000000000156e+01	-7.753070235317467912e-04	-1.238582129643068015e+02
1.377405000000000079e+01	-7.901429869818015969e-04	-1.239014994252803348e+02
1.378810000000000002e+01	-8.045011975372069702e-04	-1.239460602748065128e+02
1.380215000000000103e+01	-8.183351071638607973e-04	-1.239919945856767924e+02
1.381620000000000026e+01	-8.315963323992615289e-04	-1.240394055559167441e+02
1.383025000000000126e+01	-8.442346861529256234e-04	-1.240884005778674464e+02
1.384430000000000049e+01	-8.561982272618822365e-04	-1.241390912904832220e+02
1.385835000000000150e+01	-8.674333300825790277e-04	-1.241915936124346587e+02
1.387240000000000073e+01	-8.778847763744830396e-04	-1.242460277535019770e+02
1.388644999999999996e+01	-8.874958718675598915e-04	-1.243025182016700114e+02
1.390050000000000097e+01	-8.962085899385503849e-04	-1.243611936832962215e+02
1.391455000000000020e+01	-9.039637447417976689e-04	-1.244221870937291499e+02
1.392860000000000120e+01	-9.107011961817388030e-04	-1.244856353958132757e+02
1.394265000000000043e+01	-9.163600889577940001e-04	-1.245516794838350592e+02
1.395670000000000144e+01	-9.208791276595436250e-04	-1.246204640106558372e+02
1.397075000000000067e+01	-9.241968897538872796e-04	-1.246921371760451933e+02
1.398479999999999990e+01	-9.262521778215055887e-04	-1.247668504745830376e+02
1.399885000000000090e+01	-9.269844119926792846e-04	-1.248447584019460379e+02
1.401290000000000013e+01	-9.263340629574292120e-04	-1.249260181189351329e+02
1.402695000000000114e+01	-9.242431252967657409e-04	-1.250107890732442968e+02
1.404100000000000037e+01	-9.206556299170674416e-04	-1.250992325797071771e+02
1.405505000000000138e+01	-9.155181937259841869e-04	-1.251915113605892458e+02
1.406910000000000061e+01	-9.087806033396420100e-04	-1.252877890484066228e+02
1.408314999999999984e+01	-9.003964287898684428e-04	-1.253882296547364774e+02
1.409720000000000084e+01	-8.903236617850613689e-04	-1.254929970095198541e+02
1.411125000000000007e+01	-8.785253718976266356e-04	-1.256022541764224201e+02
1.412530000000000108e+01	-8.649703727931564324e-04	-1.257161628508879119e+02
1.413935000000000031e+01	-8.496338891900868245e-04	-1.258348827485571775e+02
1.415340000000000131e+01	-8.324982142337286140e-04	-1.259585709927043808e+02
1.416745000000000054e+01	-8.135533455896676227e-04	-1.260873815102216327e+02
1.418149999999999977e+01	-7.927975878723689815e-04	-1.262214644464306588e+02
1.419555000000000078e+01	-7.702381080436060921e-04	-1.263609656095791678e+02
1.420960000000000001e+01	-7.458914301441280439e-04	-1.265060259562605722e+02
1.422365000000000101e+01	-7.197838555001248324e-04	-1.266567811291537566e+02
1.423770000000000024e+01	-6.919517948885416016e-04	-1.268133610583928430e+02
1.425175000000000125e+01	-6.624419997463823007e-04	-1.269758896375417834e+02
1.426580000000000048e+01	-6.313116808027694794e-04	-1.271444844845599107e+02
1.427984999999999971e+01	-5.986285039788270161e-04	-1.273192567973177063e+02
1.429390000000000072e+01	-5.644704555746028578e-04	-1.275003113121811964e+02
1.430795000000000172e+01	-5.289255711841685074e-04	-1.276877463729586282e+02
1.432200000000000095e+01	-4.920915256743502424e-04	-1.278816541161443467e+02
1.433605000000000018e+01	-4.540750846302203853e-04	-1.280821207769516263e+02
1.435010000000000119e+01	-4.149914210715519459e-04	-1.282892271191590794e+02
1.436415000000000042e+01	-3.749633045410034394e-04	-1.285030489903704449e+02
1.437819999999999965e+01	-3.341201730661049374e-04	-1.287236580029666015e+02
1.439225000000000065e+01	-2.925971016009864850e-04	-1.289511223398793049e+02
1.440630000000000166e+01	-2.505336834402757218e-04	-1.291855076833989244e+02
1.442035000000000089e+01	-2.080728433751813334e-04	-1.294268782645984004e+02
1.443440000000000012e+01	-1.653596034374900403e-04	-1.296752980306638960e+02
1.444845000000000113e+01	-1.225398230426706517e-04	-1.299308319275110080e+02
1.446250000000000036e+01	-7.975893621309481903e-05	-1.301935472955705677e+02
1.447654999999999959e+01	-3.716070821992137118e-05	-1.304635153775796255e+02
1.449060000000000059e+01	0.000000000000000000e+00	-1.307408129386386122e+02
1.450465000000000160e+01	0.000000000000000000e+00	-1.310255240007195994e+02
1.451870000000000083e+01	-9.643274665532871356e-16	-1.313177416962638517e+02
1.453275000000000006e+01	-9.643274665532871356e-16	-1.316175702485220995e+02
1.454680000000000106e+01	0.000000000000000000e+00	-1.319251270899195276e+02
1.456085000000000029e+01	-9.643274665532871356e-16	-1.322405451340362390e+02
1.457489999999999952e+01	0.000000000000000000e+00	-1.325639752218758360e+02
1.458895000000000053e+01	0.000000000000000000e+00	-1.328955887690810584e+02
1.460300000000000153e+01	-1.928654933106574271e-15	-1.332355806478241789e+02
1.461705000000000076e+01	0.000000000000000000e+00	-1.335841723454885255e+02
1.463109999999999999e+01	0.000000000000000000e+00	-1.339416154522872944e+02
1.464515000000000100e+01	-9.643274665532871356e-16	-1.343081955420620659e+02
1.465920000000000023e+01	0.000000000000000000e+00	-1.346842365252323930e+02
1.467325000000000124e+01	-9.643274665532871356e-16	-1.350701055709777449e+02
1.468730000000000047e+01	-9.643274665532871356e-16	-1.354662187182249227e+02
1.470135000000000147e+01	-9.643274665532871356e-16	-1.358730473232281497e+02
1.471540000000000070e+01	-9.643274665532871356e-16	-1.362911255272612152e+02
1.472944999999999993e+01	0.000000000000000000e+00	-1.367210589736490647e+02
1.474350000000000094e+01	0.000000000000000000e+00	-1.371635350623912757e+02
1.475755000000000017e+01	0.000000000000000000e+00	-1.376193351076205147e+02
1.477160000000000117e+01	0.000000000000000000e+00	-1.380893488645826324e+02
1.478565000000000040e+01	0.000000000000000000e+00	-1.385745920278994845e+02
1.479970000000000141e+01	0.000000000000000000e+00	-1.390762274847650417e+02
1.481375000000000064e+01	0.000000000000000000e+00	-1.395955913545450073e+02
1.482779999999999987e+01	0.000000000000000000e+00	-1.401342251882485357e+02
1.484185000000000088e+01	0.000000000000000000e+00	-1.406939161798001408e+02
1.485590000000000011e+01	0.000000000000000000e+00	-1.412767479205004975e+02
1.486995000000000111e+01	0.000000000000000000e+00	-1.418851652087876118e+02
1.488400000000000034e+01	0.000000000000000000e+00	-1.425220578685415660e+02
1.489805000000000135e+01	0.000000000000000000e+00	-1.431908706890926055e+02
1.491210000000000058e+01	0.000000000000000000e+00	-1.438957499090295187e+02
1.492614999999999981e+01	0.000000000000000000e+00	-1.446417418607910861e+02
1.494020000000000081e+01	-1.928654933106574271e-15	-1.454350677764098805e+02
1.495425000000000182e+01	-9.643274665532871356e-16	-1.462835127125803183e+02
1.496829999999999927e+01	0.000000000000000000e+00	-1.471969906363335383e+02
1.498235000000000028e+01	0.000000000000000000e+00	-1.481883910155529520e+02
1.499640000000000128e+01	0.000000000000000000e+00	-1.492748939684841503e+02
1.501045000000000051e+01	-9.643274665532871356e-16	-1.504801042983320940e+02
1.502449999999999974e+01	0.000000000000000000e+00	-1.518377043922197345e+02
1.503855000000000075e+01	0.000000000000000000e+00	-1.533981418100106282e+02
1.505260000000000176e+01	-9.643274665532871356e-16	-1.552419911962466017e+02
1.506665000000000099e+01	0.000000000000000000e+00	-1.575100265576620586e+02
1.508070000000000022e+01	0.000000000000000000e+00	-1.604837378315912702e+02
1.509475000000000122e+01	0.000000000000000000e+00	-1.648720744398763998e+02
1.510880000000000045e+01	0.000000000000000000e+00	-1.737109067035228236e+02
1.512284999999999968e+01	0.000000000000000000e+00	-1.766115632225579475e+02
1.513690000000000069e+01	0.000000000000000000e+00	-1.661701788781180937e+02
1.515095000000000169e+01	0.000000000000000000e+00	-1.616677836698138435e+02
1.516500000000000092e+01	-1.928654933106574271e-15	-1.587900613782996970e+02
1.517905000000000015e+01	-9.643274665532871356e-16	-1.566878211644072678e+02
1.519310000000000116e+01	0.000000000000000000e+00	-1.550413610221154386e+02
1.520715000000000039e+01	1.928654933106573877e-15	-1.536951924374891405e+02
1.522119999999999962e+01	0.000000000000000000e+00	-1.525618522127970778e+02
1.523525000000000063e+01	0.000000000000000000e+00	-1.515872247347587063e+02
1.524930000000000163e+01	0.000000000000000000e+00	-1.507354839559393156e+02
1.526335000000000086e+01	-1.928654933106574271e-15	-1.499816789950420457e+02
1.527740000000000009e+01	-1.928654933106574271e-15	-1.493077336031758193e+02
1.529145000000000110e+01	-9.643274665532871356e-16	-1.487001313002943732e+02
1.530550000000000033e+01	-9.643274665532871356e-16	-1.481484997012203166e+02
1.531954999999999956e+01	0.000000000000000000e+00	-1.476447049352723013e+02
1.533360000000000056e+01	-9.643274665532871356e-16	-1.471822503483646187e+02
1.534765000000000157e+01	-9.643274665532871356e-16	-1.467558644820211953e+02
1.536170000000000080e+01	0.000000000000000000e+00	-1.463612110442219603e+02
1.537575000000000003e+01	0.000000000000000000e+00	-1.459946799384725580e+02
1.538980000000000103e+01	0.000000000000000000e+00	-1.456532335967078780e+02
1.540385000000000026e+01	0.000000000000000000e+00	-1.453342919302640439e+02
1.541789999999999949e+01	0.000000000000000000e+00	-1.450356448064734707e+02
1.543195000000000050e+01	-1.928654933106574271e-15	-1.447553845065104952e+02
1.544600000000000151e+01	-9.643274665532871356e-16	-1.444918529276276047e+02
1.546005000000000074e+01	0.000000000000000000e+00	-1.442435998274895610e+02
1.547409999999999997e+01	0.000000000000000000e+00	-1.440093494495401103e+02
1.548815000000000097e+01	1.928654933106573877e-15	-1.437879735877769463e+02
1.550220000000000020e+01	-9.643274665532871356e-16	-1.435784696546971020e+02
1.551624999999999943e+01	0.000000000000000000e+00	-1.433799426765907583e+02
1.553030000000000044e+01	0.000000000000000000e+00	-1.431915904009780149e+02
1.554435000000000144e+01	0.000000000000000000e+00	-1.430126908918492461e+02
1.555840000000000067e+01	0.000000000000000000e+00	-1.428425921298112939e+02
1.557244999999999990e+01	-9.643274665532871356e-16	-1.426807032402048776e+02
1.558650000000000091e+01	-9.643274665532871356e-16	-1.425264870524533194e+02
1.560055000000000014e+01	0.000000000000000000e+00	-1.423794537551698909e+02
1.561459999999999937e+01	0.000000000000000000e+00	-1.422391554587730127e+02
1.562865000000000038e+01	-9.643274665532871356e-16	-1.421051815140593817e+02
1.564270000000000138e+01	-9.643274665532871356e-16	-1.419771544639261833e+02
1.565675000000000061e+01	0.000000000000000000e+00	-1.418547265281108309e+02
1.567079999999999984e+01	0.000000000000000000e+00	-1.417375765388291029e+02
1.568485000000000085e+01	-9.643274665532871356e-16	-1.416254072595946525e+02
1.569890000000000008e+01	-9.643274665532871356e-16	-1.415179430310879809e+02
1.571294999999999931e+01	0.000000000000000000e+00	-1.414149276973164717e+02
1.572700000000000031e+01	0.000000000000000000e+00	-1.413161227729336247e+02
1.574105000000000132e+01	0.000000000000000000e+00	-1.412213058188222021e+02
1.575510000000000055e+01	0.000000000000000000e+00	-1.411302689981715446e+02
1.576914999999999978e+01	-9.643274665532871356e-16	-1.410428177895127533e+02
1.578320000000000078e+01	-8.218503532968747202e-06	-1.409587698366859172e+02
1.579725000000000179e+01	-2.161279995489615369e-05	-1.408779539186390366e+02
1.581129999999999924e+01	-3.486954761279195290e-05	-1.408002090244045235e+02
1.582535000000000025e+01	-4.798578755164761004e-05	-1.407253835206540202e+02
1.583940000000000126e+01	-6.095872545380623430e-05	-1.406533344009644111e+02
1.585345000000000049e+01	-7.378572349491863743e-05	-1.405839266073925558e+02
1.586749999999999972e+01	-8.646429260288857814e-05	-1.405170324162003510e+02
1.588155000000000072e+01	-9.899208515742203825e-05	-1.404525308806305759e+02
1.589560000000000173e+01	-1.113668880617175782e-04	-1.403903073245401174e+02
1.590964999999999918e+01	-1.235866161805172466e-04	-1.403302528814707557e+02
1.592370000000000019e+01	-1.356493061416295454e-04	-1.402722640744065643e+02
1.593775000000000119e+01	-1.475531104449977129e-04	-1.402162424320404170e+02
1.595180000000000042e+01	-1.592962919236771404e-04	-1.401620941378680811e+02
1.596584999999999965e+01	-1.708772184545063804e-04	-1.401097297088608684e+02
1.597990000000000066e+01	-1.822943579927296443e-04	-1.400590637008392605e+02
1.599395000000000167e+01	-1.935462738534277343e-04	-1.400100144379973131e+02
1.600799999999999912e+01	-2.046316202368673315e-04	-1.399625037643104406e+02
1.602205000000000013e+01	-2.155491380170600668e-04	-1.399164568148092087e+02
1.603610000000000113e+01	-2.262976507404942917e-04	-1.398718018049183627e+02
1.605015000000000214e+01	-2.368760608311862932e-04	-1.398284698362522818e+02
1.606419999999999959e+01	-2.472833460232694422e-04	-1.397863947174273562e+02
1.607825000000000060e+01	-2.575185559545835681e-04	-1.397455127985987247e+02
1.609230000000000160e+01	-2.675808089733420461e-04	-1.397057628185620501e+02
1.610634999999999906e+01	-2.774692890865183099e-04	-1.396670857633756100e+02
1.612040000000000006e+01	-2.871832430894906939e-04	-1.396294247355621110e+02
1.613445000000000107e+01	-2.967219778412684677e-04	-1.395927248330405916e+02
1.614849999999999852e+01	-3.060848576775853985e-04	-1.395569330370204568e+02
1.616254999999999953e+01	-3.152713019850077441e-04	-1.395219981081616538e+02
1.617660000000000053e+01	-3.242807828801258854e-04	-1.394878704903702555e+02
1.619065000000000154e+01	-3.331128230063673122e-04	-1.394545022216559289e+02
1.620470000000000255e+01	-3.417669934802583130e-04	-1.394218468515297502e+02
1.621875000000000000e+01	-3.502429119148065917e-04	-1.393898593644658774e+02
1.623280000000000101e+01	-3.585402405556892659e-04	-1.393584961089939611e+02
1.624685000000000201e+01	-3.666586845234970880e-04	-1.393277147320239635e+02
1.626089999999999947e+01	-3.745979901311755674e-04	-1.392974741180399576e+02
1.627495000000000047e+01	-3.823579433046320501e-04	-1.392677343328281268e+02
1.628900000000000148e+01	-3.899383680872215568e-04	-1.392384565714321525e+02
1.630304999999999893e+01	-3.973391251972535230e-04	-1.392096031100524556e+02
1.631709999999999994e+01	-4.045601106944538092e-04	-1.391811372616273275e+02
1.633115000000000094e+01	-4.116012546811258438e-04	-1.391530233348543106e+02
1.634519999999999840e+01	-4.184625200978035081e-04	-1.391252265964272112e+02
1.635924999999999940e+01	-4.251439015709642657e-04	-1.390977132362794180e+02
1.637330000000000041e+01	-4.316454243128030246e-04	-1.390704503356398618e+02
1.638735000000000142e+01	-4.379671430711388558e-04	-1.390434058377192059e+02
1.640140000000000242e+01	-4.441091411699593346e-04	-1.390165485208561620e+02
1.641544999999999987e+01	-4.500715295383792046e-04	-1.389898479739647712e+02
1.642950000000000088e+01	-4.558544458495253793e-04	-1.389632745741315887e+02
1.644355000000000189e+01	-4.614580536545879737e-04	-1.389367994662211743e+02
1.645759999999999934e+01	-4.668825415911175545e-04	-1.389103945443556825e+02
1.647165000000000035e+01	-4.721281226048121976e-04	-1.388840324351413642e+02
1.648570000000000135e+01	-4.771950332349439048e-04	-1.388576864825204211e+02
1.649974999999999881e+01	-4.820835329200264256e-04	-1.388313307341335872e+02
1.651379999999999981e+01	-4.867939033352989371e-04	-1.388049399290824510e+02
1.652785000000000082e+01	-4.913264477600960819e-04	-1.387784894869866719e+02
1.654189999999999827e+01	-4.956814904982502924e-04	-1.387519554982346222e+02
1.655594999999999928e+01	-4.998593762965576745e-04	-1.387253147153300006e+02
1.657000000000000028e+01	-5.038604697989175051e-04	-1.386985445452415320e+02
1.658405000000000129e+01	-5.076851550457910003e-04	-1.386716230426647485e+02
1.659810000000000230e+01	-5.113338349669012753e-04	-1.386445289041097624e+02
1.661214999999999975e+01	-5.148069309173245942e-04	-1.386172414627303056e+02
1.662620000000000076e+01	-5.181048822318975880e-04	-1.385897406838136590e+02
1.664025000000000176e+01	-5.212281457767254256e-04	-1.385620071608524029e+02
1.665429999999999922e+01	-5.241771955710840866e-04	-1.385340221121232105e+02
1.666835000000000022e+01	-5.269525223678477813e-04	-1.385057673776988167e+02
1.668240000000000123e+01	-5.295546332975604488e-04	-1.384772254168229324e+02
1.669644999999999868e+01	-5.319840514961081531e-04	-1.384483793055807723e+02
1.671049999999999969e+01	-5.342413157690311179e-04	-1.384192127347985775e+02
1.672455000000000069e+01	-5.363269802674057148e-04	-1.383897100081103702e+02
1.673859999999999815e+01	-5.382416141531117882e-04	-1.383598560401312909e+02
1.675264999999999915e+01	-5.399858013161730171e-04	-1.383296363546796499e+02
1.676670000000000016e+01	-5.415601400766626838e-04	-1.382990370829933227e+02
1.678075000000000117e+01	-5.429652429068570259e-04	-1.382680449618877674e+02
1.679480000000000217e+01	-5.442017361591716153e-04	-1.382366473318062390e+02
1.680884999999999962e+01	-5.452702598133803797e-04	-1.382048321347160993e+02
1.682290000000000063e+01	-5.461714672209394810e-04	-1.381725879118069997e+02
1.683695000000000164e+01	-5.469060248820945382e-04	-1.381399038009506057e+02
1.685099999999999909e+01	-5.474746121863399749e-04	-1.381067695338838348e+02
1.686505000000000010e+01	-5.478779212300242301e-04	-1.380731754330812464e+02
1.687910000000000110e+01	-5.481166565548732618e-04	-1.380391124082850638e+02
1.689314999999999856e+01	-5.481915349906640303e-04	-1.380045719526643779e+02
1.690719999999999956e+01	-5.481032854043496562e-04	-1.379695461385784085e+02
1.692125000000000057e+01	-5.478526485494783754e-04	-1.379340276129217671e+02
1.693530000000000157e+01	-5.474403768481025858e-04	-1.378980095920332190e+02
1.694934999999999903e+01	-5.468672342209038827e-04	-1.378614858561520577e+02
1.696340000000000003e+01	-5.461339959211742754e-04	-1.378244507434100115e+02
1.697745000000000104e+01	-5.452414483360052766e-04	-1.377868991433489896e+02
1.699150000000000205e+01	-5.441903888405158355e-04	-1.377488264899591570e+02
1.700554999999999950e+01	-5.429816256298971699e-04	-1.377102287542335830e+02
1.701960000000000051e+01	-5.416159775639934693e-04	-1.376711024362400053e+02
1.703365000000000151e+01	-5.400942740080214282e-04	-1.376314445567116138e+02
1.704769999999999897e+01	-5.384173546848617948e-04	-1.375912526481632199e+02
1.706174999999999997e+01	-5.365860695321705235e-04	-1.375505247455409119e+02
1.707580000000000098e+01	-5.346012785527372996e-04	-1.375092593764150308e+02
1.708984999999999843e+01	-5.324638516879882022e-04	-1.374674555507312448e+02
1.710389999999999944e+01	-5.301746686558040213e-04	-1.374251127501336782e+02
1.711795000000000044e+01	-5.277346188442712640e-04	-1.373822309168786262e+02
1.713200000000000145e+01	-5.251446011687861508e-04	-1.373388104423582661e+02
1.714605000000000246e+01	-5.224055239359064705e-04	-1.372948521552553132e+02
1.716009999999999991e+01	-5.195183047293842589e-04	-1.372503573093522107e+02
1.717415000000000092e+01	-5.164838702836596802e-04	-1.372053275710188132e+02
1.718820000000000192e+01	-5.133031563534963407e-04	-1.371597650064048253e+02
1.720224999999999937e+01	-5.099771076038676562e-04	-1.371136720683629733e+02
1.721630000000000038e+01	-5.065066774834476974e-04	-1.370670515831318710e+02
1.723035000000000139e+01	-5.028928281164248351e-04	-1.370199067368056660e+02
1.724439999999999884e+01	-4.991365301808117555e-04	-1.369722410616208492e+02
1.725844999999999985e+01	-4.952387628002583465e-04	-1.369240584220884500e+02
1.727250000000000085e+01	-4.912005134281469078e-04	-1.368753630010021141e+02
1.728654999999999831e+01	-4.870227777374738559e-04	-1.368261592853516504e+02
1.730059999999999931e+01	-4.827065595174813472e-04	-1.367764520521706118e+02
1.731465000000000032e+01	-4.782528705538940288e-04	-1.367262463543489730e+02
1.732870000000000132e+01	-4.736627305361580621e-04	-1.366755475064381642e+02
1.734275000000000233e+01	-4.689371669424985617e-04	-1.366243610704779030e+02
1.735679999999999978e+01	-4.640772149355859534e-04	-1.365726928418718558e+02
1.737085000000000079e+01	-4.590839172582007049e-04	-1.365205488353396106e+02
1.738490000000000180e+01	-4.539583241337210771e-04	-1.364679352709705995e+02
1.739894999999999925e+01	-4.487014931675742955e-04	-1.364148585604052357e+02
1.741300000000000026e+01	-4.433144892274716760e-04	-1.363613252931670843e+02
1.742705000000000126e+01	-4.377983843602901081e-04	-1.363073422231692575e+02
1.744109999999999872e+01	-4.321542576925590465e-04	-1.362529162554163804e+02
1.745514999999999972e+01	-4.263831953126248652e-04	-1.361980544329224188e+02
1.746920000000000073e+01	-4.204862901933184571e-04	-1.361427639238639244e+02
1.748324999999999818e+01	-4.144646420750848536e-04	-1.360870520089862623e+02
1.749729999999999919e+01	-4.083193573838290514e-04	-1.360309260692786211e+02
1.751135000000000019e+01	-4.020515491140464457e-04	-1.359743935739338667e+02
1.752540000000000120e+01	-3.956623367505272782e-04	-1.359174620686062269e+02
1.753945000000000221e+01	-3.891528461640243503e-04	-1.358601391639789142e+02
1.755349999999999966e+01	-3.825242095107782726e-04	-1.358024325246529997e+02
1.756755000000000067e+01	-3.757775651368653008e-04	-1.357443498583669736e+02
1.758160000000000167e+01	-3.689140574883322627e-04	-1.356858989055549216e+02
1.759564999999999912e+01	-3.619348370126522843e-04	-1.356270874292503379e+02
1.760970000000000013e+01	-3.548410600582535632e-04	-1.355679232053413443e+02
1.762375000000000114e+01	-3.476338887865842845e-04	-1.355084140131814081e+02
1.763779999999999859e+01	-3.403144910764649010e-04	-1.354485676265590257e+02
1.765184999999999960e+01	-3.328840404139747720e-04	-1.353883918050280215e+02
1.766590000000000060e+01	-3.253437158286300599e-04	-1.353278942856000526e+02
1.767994999999999806e+01	-3.176947017649495207e-04	-1.352670827747984958e+02
1.769399999999999906e+01	-3.099381880147769781e-04	-1.352059649410731481e+02
1.770805000000000007e+01	-3.020753696042791049e-04	-1.351445484075738079e+02
1.772210000000000107e+01	-2.941074467156622857e-04	-1.350828407452791851e+02
1.773615000000000208e+01	-2.860356245761015801e-04	-1.350208494664783530e+02
1.775019999999999953e+01	-2.778611133784951925e-04	-1.349585820185998557e+02
1.776425000000000054e+01	-2.695851281829333176e-04	-1.348960457783830691e+02
1.777830000000000155e+01	-2.612088888181677985e-04	-1.348332480463867569e+02
1.779234999999999900e+01	-2.527336197936916242e-04	-1.347701960418278588e+02
1.780640000000000001e+01	-2.441605502069976318e-04	-1.347068968977438601e+02
1.782045000000000101e+01	-2.354909136421600119e-04	-1.346433576564715793e+02
1.783449999999999847e+01	-2.267259480867396722e-04	-1.345795852654341900e+02
1.784854999999999947e+01	-2.178668958294041375e-04	-1.345155865732287737e+02
1.786260000000000048e+01	-2.089150033758721201e-04	-1.344513683260058485e+02
1.787665000000000148e+01	-1.998715213407505564e-04	-1.343869371641318935e+02
1.789069999999999894e+01	-1.907377043750546619e-04	-1.343222996191264542e+02
1.790474999999999994e+01	-1.815148110541910088e-04	-1.342574621108641679e+02
1.791880000000000095e+01	-1.722041037958376407e-04	-1.341924309450327542e+02
1.793285000000000196e+01	-1.628068487517883741e-04	-1.341272123108379333e+02
1.794689999999999941e+01	-1.533243157441588843e-04	-1.340618122789450126e+02
1.796095000000000041e+01	-1.437577781408410954e-04	-1.339962367996484147e+02
1.797500000000000142e+01	-1.341085127791765666e-04	-1.339304917012597969e+02
1.798904999999999887e+01	-1.243777998684164339e-04	-1.338645826887045018e+02
1.800309999999999988e+01	-1.145669228998979973e-04	-1.337985153423178701e+02
1.801715000000000089e+01	-1.046771685446871053e-04	-1.337322951168318355e+02
1.803119999999999834e+01	-9.470982657725959114e-05	-1.336659273405424528e+02
1.804524999999999935e+01	-8.466618975964702041e-05	-1.335994172146495487e+02
1.805930000000000035e+01	-7.454755377476590108e-05	-1.335327698127594545e+02
1.807335000000000136e+01	-6.435521710767481800e-05	-1.334659900805424115e+02
1.808740000000000236e+01	-5.409048096733582909e-05	-1.333990828355353528e+02
1.810144999999999982e+01	-4.375464919777064324e-05	-1.333320527670825868e+02
1.811550000000000082e+01	-3.334902816993208730e-05	-1.332649044364055442e+02
1.812955000000000183e+01	-2.287492670250815859e-05	-1.331976422767940278e+02
1.814359999999999928e+01	-1.233365595572698865e-05	-1.331302705939107227e+02
1.815765000000000029e+01	-1.726529351201125397e-06	-1.330627935662020320e+02
1.817170000000000130e+01	-9.643274665532871356e-16	-1.329952152454074792e+02
1.818574999999999875e+01	0.000000000000000000e+00	-1.329275395571607987e+02
1.819979999999999976e+01	-9.643274665532871356e-16	-1.328597703016756952e+02
1.821385000000000076e+01	-9.643274665532871356e-16	-1.327919111545101032e+02
1.822789999999999822e+01	0.000000000000000000e+00	-1.327239656674018420e+02
1.824194999999999922e+01	-9.643274665532871356e-16	-1.326559372691701810e+02
1.825600000000000023e+01	-9.643274665532871356e-16	-1.325878292666772893e+02
1.827005000000000123e+01	0.000000000000000000e+00	-1.325196448458434020e+02
1.828410000000000224e+01	0.000000000000000000e+00	-1.324513870727111282e+02
1.829814999999999969e+01	0.000000000000000000e+00	-1.323830588945525619e+02
1.831220000000000070e+01	0.000000000000000000e+00	-1.323146631410155010e+02
1.832625000000000171e+01	0.000000000000000000e+00	-1.322462025253030617e+02
1.834029999999999916e+01	-9.643274665532871356e-16	-1.321776796453821134e+02
1.835435000000000016e+01	0.000000000000000000e+00	-1.321090969852169223e+02
1.836840000000000117e+01	0.000000000000000000e+00	-1.320404569160232882e+02
1.838244999999999862e+01	-9.643274665532871356e-16	-1.319717616975391934e+02
1.839649999999999963e+01	0.000000000000000000e+00	-1.319030134793084699e+02
1.841055000000000064e+01	0.000000000000000000e+00	-1.318342143019738728e+02
1.842459999999999809e+01	0.000000000000000000e+00	-1.317653660985760951e+02
1.843864999999999910e+01	-9.643274665532871356e-16	-1.316964706958554814e+02
1.845270000000000010e+01	-9.643274665532871356e-16	-1.316275298155534870e+02
1.846675000000000111e+01	0.000000000000000000e+00	-1.315585450757110095e+02
1.848080000000000211e+01	-9.643274665532871356e-16	-1.314895179919606960e+02
1.849484999999999957e+01	0.000000000000000000e+00	-1.314204499788110638e+02
1.850890000000000057e+01	-9.643274665532871356e-16	-1.313513423509193387e+02
1.852295000000000158e+01	-9.643274665532871356e-16	-1.312821963243515313e+02
1.853699999999999903e+01	-9.643274665532871356e-16	-1.312130130178266825e+02
1.855105000000000004e+01	0.000000000000000000e+00	-1.311437934539441130e+02
1.856510000000000105e+01	0.000000000000000000e+00	-1.310745385603911473e+02
1.857914999999999850e+01	0.000000000000000000e+00	-1.310052491711297478e+02
1.859319999999999951e+01	-9.643274665532871356e-16	-1.309359260275602992e+02
1.860725000000000051e+01	0.000000000000000000e+00	-1.308665697796608924e+02
1.862129999999999797e+01	0.000000000000000000e+00	-1.307971809871008304e+02
1.863534999999999897e+01	0.000000000000000000e+00	-1.307277601203263941e+02
1.864939999999999998e+01	0.000000000000000000e+00	-1.306583075616183862e+02
1.866345000000000098e+01	-9.643274665532871356e-16	-1.305888236061192629e+02
1.867750000000000199e+01	-9.643274665532871356e-16	-1.305193084628292581e+02
1.869154999999999944e+01	0.000000000000000000e+00	-1.304497622555702208e+02
1.870560000000000045e+01	0.000000000000000000e+00	-1.303801850239161411e+02
1.871965000000000146e+01	-9.643274665532871356e-16	-1.303105767240891169e+02
1.873369999999999891e+01	0.000000000000000000e+00	-1.302409372298204175e+02
1.874774999999999991e+01	0.000000000000000000e+00	-1.301712663331747990e+02
1.876180000000000092e+01	-9.643274665532871356e-16	-1.301015637453382965e+02
1.877584999999999837e+01	-9.643274665532871356e-16	-1.300318290973679041e+02
1.878989999999999938e+01	-9.643274665532871356e-16	-1.299620619409024016e+02
1.880395000000000039e+01	0.000000000000000000e+00	-1.298922617488342155e+02
1.881800000000000139e+01	0.000000000000000000e+00	-1.298224279159408070e+02
1.883204999999999885e+01	0.000000000000000000e+00	-1.297525597594755595e+02
1.884609999999999985e+01	0.000000000000000000e+00	-1.296826565197166019e+02
1.886015000000000086e+01	-9.643274665532871356e-16	-1.296127173604743348e+02
1.887420000000000186e+01	0.000000000000000000e+00	-1.295427413695553014e+02
1.888824999999999932e+01	0.000000000000000000e+00	-1.294727275591831983e+02
1.890230000000000032e+01	0.000000000000000000e+00	-1.294026748663754063e+02
1.891635000000000133e+01	0.000000000000000000e+00	-1.293325821532751547e+02
1.893039999999999878e+01	0.000000000000000000e+00	-1.292624482074380410e+02
1.894444999999999979e+01	-1.928654933106574271e-15	-1.291922717420727622e+02
1.895850000000000080e+01	-9.643274665532871356e-16	-1.291220513962350367e+02
1.897254999999999825e+01	0.000000000000000000e+00	-1.290517857349745441e+02
1.898659999999999926e+01	0.000000000000000000e+00	-1.289814732494333498e+02
1.900065000000000026e+01	0.000000000000000000e+00	-1.289111123568962967e+02
1.901469999999999771e+01	0.000000000000000000e+00	-1.288407014007916018e+02
1.902875000000000227e+01	0.000000000000000000e+00	-1.287702386506414882e+02
1.904279999999999973e+01	0.000000000000000000e+00	-1.286997223019620833e+02
1.905685000000000073e+01	0.000000000000000000e+00	-1.286291504761114197e+02
1.907090000000000174e+01	0.000000000000000000e+00	-1.285585212200850833e+02
1.908494999999999919e+01	0.000000000000000000e+00	-1.284878325062585702e+02
1.909900000000000020e+01	-9.643274665532871356e-16	-1.284170822320754723e+02
1.911305000000000121e+01	0.000000000000000000e+00	-1.283462682196802405e+02
1.912709999999999866e+01	0.000000000000000000e+00	-1.282753882154950702e+02
1.914114999999999966e+01	0.000000000000000000e+00	-1.282044398897393194e+02
1.915520000000000067e+01	0.000000000000000000e+00	-1.281334208358909166e+02
1.916924999999999812e+01	-9.643274665532871356e-16	-1.280623285700883400e+02
1.918330000000000268e+01	0.000000000000000000e+00	-1.279911605304712054e+02
1.919735000000000014e+01	-9.643274665532871356e-16	-1.279199140764605858e+02
1.921139999999999759e+01	0.000000000000000000e+00	-1.278485864879741598e+02
1.922545000000000215e+01	-9.643274665532871356e-16	-1.277771749645779664e+02
1.923949999999999960e+01	0.000000000000000000e+00	-1.277056766245719643e+02
1.925355000000000061e+01	0.000000000000000000e+00	-1.276340885040070674e+02
1.926760000000000161e+01	0.000000000000000000e+00	-1.275624075556338965e+02
1.928164999999999907e+01	-9.643274665532871356e-16	-1.274906306477796250e+02
1.929570000000000007e+01	0.000000000000000000e+00	-1.274187545631523051e+02
1.930975000000000108e+01	0.000000000000000000e+00	-1.273467759975702194e+02
1.932379999999999853e+01	0.000000000000000000e+00	-1.272746915586146201e+02
1.933784999999999954e+01	-9.643274665532871356e-16	-1.272024977642029455e+02
1.935190000000000055e+01	0.000000000000000000e+00	-1.271301910410811189e+02
1.936594999999999800e+01	-9.643274665532871356e-16	-1.270577677232322600e+02
1.938000000000000256e+01	0.000000000000000000e+00	-1.269852240501986955e+02
1.939405000000000001e+01	-9.643274665532871356e-16	-1.269125561653159053e+02
1.940809999999999746e+01	-9.643274665532871356e-16	-1.268397601138541262e+02
1.942215000000000202e+01	0.000000000000000000e+00	-1.267668318410658088e+02
1.943619999999999948e+01	0.000000000000000000e+00	-1.266937671901353895e+02
1.945025000000000048e+01	0.000000000000000000e+00	-1.266205619000278091e+02
1.946430000000000149e+01	-9.643274665532871356e-16	-1.265472116032332082e+02
1.947834999999999894e+01	0.000000000000000000e+00	-1.264737118234032209e+02
1.949239999999999995e+01	0.000000000000000000e+00	-1.264000579728753166e+02
1.950645000000000095e+01	-9.643274665532871356e-16	-1.263262453500817060e+02
1.952049999999999841e+01	-9.643274665532871356e-16	-1.262522691368380237e+02
1.953454999999999941e+01	0.000000000000000000e+00	-1.261781243955068845e+02
1.954860000000000042e+01	0.000000000000000000e+00	-1.261038060660329876e+02
1.956264999999999787e+01	-9.643274665532871356e-16	-1.260293089628432028e+02
1.957670000000000243e+01	-9.643274665532871356e-16	-1.259546277716071927e+02
1.959074999999999989e+01	-9.643274665532871356e-16	-1.258797570458534665e+02
1.960479999999999734e+01	0.000000000000000000e+00	-1.258046912034335207e+02
1.961885000000000190e+01	1.928654933106573877e-15	-1.257294245228295750e+02
1.963289999999999935e+01	-9.643274665532871356e-16	-1.256539511392985276e+02
1.964695000000000036e+01	0.000000000000000000e+00	-1.255782650408448688e+02
1.966100000000000136e+01	0.000000000000000000e+00	-1.255023600640163579e+02
1.967504999999999882e+01	0.000000000000000000e+00	-1.254262298895138628e+02
1.968909999999999982e+01	0.000000000000000000e+00	-1.253498680376077630e+02
1.970315000000000083e+01	0.000000000000000000e+00	-1.252732678633519470e+02
1.971719999999999828e+01	0.000000000000000000e+00	-1.251964225515868065e+02
1.973124999999999929e+01	0.000000000000000000e+00	-1.251193251117214231e+02
1.974530000000000030e+01	0.000000000000000000e+00	-1.250419683722846287e+02
1.975934999999999775e+01	0.000000000000000000e+00	-1.249643449752348090e+02
1.977340000000000231e+01	-9.643274665532871356e-16	-1.248864473700158584e+02
1.978744999999999976e+01	0.000000000000000000e+00	-1.248082678073497931e+02
1.980150000000000077e+01	0.000000000000000000e+00	-1.247297983327496809e+02
1.981555000000000177e+01	0.000000000000000000e+00	-1.246510307797432802e+02
1.982959999999999923e+01	-9.643274665532871356e-16	-1.245719567627896822e+02
1.984365000000000023e+01	-9.643274665532871356e-16	-1.244925676698766068e+02
1.985770000000000124e+01	0.000000000000000000e+00	-1.244128546547808298e+02
1.987174999999999869e+01	0.000000000000000000e+00	-1.243328086289748740e+02
1.988579999999999970e+01	-9.643274665532871356e-16	-1.242524202531618727e+02
1.989985000000000070e+01	0.000000000000000000e+00	-1.241716799284199624e+02
1.991389999999999816e+01	0.000000000000000000e+00	-1.240905777869359099e+02
1.992794999999999916e+01	0.000000000000000000e+00	-1.240091036823047688e+02
1.994200000000000017e+01	0.000000000000000000e+00	-1.239272471793744756e+02
1.995604999999999762e+01	-9.643274665532871356e-16	-1.238449975436101056e+02
1.997010000000000218e+01	0.000000000000000000e+00	-1.237623437299512545e+02
1.998414999999999964e+01	0.000000000000000000e+00	-1.236792743711359321e+02
1.999820000000000064e+01	0.000000000000000000e+00	-1.235957777654593883e+02
2.001225000000000165e+01	0.000000000000000000e+00	-1.235118418639389972e+02
2.002629999999999910e+01	-9.643274665532871356e-16	-1.234274542568494439e+02
2.004035000000000011e+01	0.000000000000000000e+00	-1.233426021595932411e+02
2.005440000000000111e+01	-9.643274665532871356e-16	-1.232572723978678084e+02
2.006844999999999857e+01	0.000000000000000000e+00	-1.231714513920884144e+02
2.008249999999999957e+01	0.000000000000000000e+00	-1.230851251410235818e+02
2.009655000000000058e+01	0.000000000000000000e+00	-1.229982792045954056e+02
2.011059999999999803e+01	0.000000000000000000e+00	-1.229108986857945069e+02
2.012464999999999904e+01	1.928654933106573877e-15	-1.228229682116571269e+02
2.013870000000000005e+01	0.000000000000000000e+00	-1.227344719132455708e+02
2.015274999999999750e+01	-9.643274665532871356e-16	-1.226453934045706973e+02
2.016680000000000206e+01	0.000000000000000000e+00	-1.225557157603906688e+02
2.018084999999999951e+01	0.000000000000000000e+00	-1.224654214928136469e+02
2.019490000000000052e+01	0.000000000000000000e+00	-1.223744925266294956e+02
2.020895000000000152e+01	0.000000000000000000e+00	-1.222829101732871493e+02
2.022299999999999898e+01	0.000000000000000000e+00	-1.221906551034295632e+02
2.023704999999999998e+01	0.000000000000000000e+00	-1.220977073178903822e+02
2.025110000000000099e+01	0.000000000000000000e+00	-1.220040461170513737e+02
2.026514999999999844e+01	0.000000000000000000e+00	-1.219096500684466946e+02
2.027919999999999945e+01	-1.928654933106574271e-15	-1.218144969724972668e+02
2.029325000000000045e+01	0.000000000000000000e+00	-1.217185638262446190e+02
2.030729999999999791e+01	0.000000000000000000e+00	-1.216218267849442469e+02
2.032135000000000247e+01	0.000000000000000000e+00	-1.215242611213671182e+02
2.033539999999999992e+01	0.000000000000000000e+00	-1.214258411826461383e+02
2.034944999999999737e+01	0.000000000000000000e+00	-1.213265403444885067e+02
2.036350000000000193e+01	0.000000000000000000e+00	-1.212263309625616472e+02
2.037754999999999939e+01	-9.643274665532871356e-16	-1.211251843208437009e+02
2.039160000000000039e+01	0.000000000000000000e+00	-1.210230705767081929e+02
2.040565000000000140e+01	0.000000000000000000e+00	-1.209199587024975955e+02
2.041969999999999885e+01	-9.643274665532871356e-16	-1.208158164233126683e+02
2.043374999999999986e+01	0.000000000000000000e+00	-1.207106101507238236e+02
2.044780000000000086e+01	-9.643274665532871356e-16	-1.206043049120823554e+02
2.046184999999999832e+01	0.000000000000000000e+00	-1.204968642750778542e+02
2.047589999999999932e+01	0.000000000000000000e+00	-1.203882502671573462e+02
2.048995000000000033e+01	0.000000000000000000e+00	-1.202784232893835679e+02
2.050399999999999778e+01	0.000000000000000000e+00	-1.201673420242673416e+02
2.051805000000000234e+01	-9.643274665532871356e-16	-1.200549633370665106e+02
2.053209999999999980e+01	0.000000000000000000e+00	-1.199412421699895361e+02
2.054614999999999725e+01	-9.643274665532871356e-16	-1.198261314286883561e+02
2.056020000000000181e+01	0.000000000000000000e+00	-1.197095818603587105e+02
2.057424999999999926e+01	-9.643274665532871356e-16	-1.195915419226975587e+02
2.058830000000000027e+01	0.000000000000000000e+00	-1.194719576428856556e+02
2.060235000000000127e+01	-9.643274665532871356e-16	-1.193507724656765561e+02
2.061639999999999873e+01	0.000000000000000000e+00	-1.192279270895689791e+02
2.063044999999999973e+01	0.000000000000000000e+00	-1.191033592899309212e+02
2.064450000000000074e+01	0.000000000000000000e+00	-1.189770037278122885e+02
2.065854999999999819e+01	-1.928654933106574271e-15	-1.188487917430396834e+02
2.067259999999999920e+01	0.000000000000000000e+00	-1.187186511300241136e+02
2.068665000000000020e+01	0.000000000000000000e+00	-1.185865058945252883e+02
2.070069999999999766e+01	0.000000000000000000e+00	-1.184522759894050523e+02
2.071475000000000222e+01	-9.643274665532871356e-16	-1.183158770271608660e+02
2.072879999999999967e+01	0.000000000000000000e+00	-1.181772199667575052e+02
2.074285000000000068e+01	-9.643274665532871356e-16	-1.180362107719543729e+02
2.075690000000000168e+01	0.000000000000000000e+00	-1.178927500379705151e+02
2.077094999999999914e+01	-9.643274665532871356e-16	-1.177467325829067732e+02
2.078500000000000014e+01	0.000000000000000000e+00	-1.175980469998690126e+02
2.079905000000000115e+01	0.000000000000000000e+00	-1.174465751651764549e+02
2.081309999999999860e+01	0.000000000000000000e+00	-1.172921916973990903e+02
2.082714999999999961e+01	0.000000000000000000e+00	-1.171347633612152350e+02
2.084120000000000061e+01	0.000000000000000000e+00	-1.169741484092098318e+02
2.085524999999999807e+01	0.000000000000000000e+00	-1.168101958537094873e+02
2.086929999999999907e+01	-9.643274665532871356e-16	-1.166427446595526192e+02
2.088335000000000008e+01	0.000000000000000000e+00	-1.164716228472822337e+02
2.089739999999999753e+01	0.000000000000000000e+00	-1.162966464945776721e+02
2.091145000000000209e+01	0.000000000000000000e+00	-1.161176186217692816e+02
2.092549999999999955e+01	0.000000000000000000e+00	-1.159343279449248314e+02
2.093955000000000055e+01	0.000000000000000000e+00	-1.157465474771851746e+02
2.095360000000000156e+01	-1.928654933106574271e-15	-1.155540329556622794e+02
2.096764999999999901e+01	1.928654933106573877e-15	-1.153565210671463035e+02
2.098170000000000002e+01	0.000000000000000000e+00	-1.151537274409628537e+02
2.099575000000000102e+01	0.000000000000000000e+00	-1.149453443713505578e+02
2.100979999999999848e+01	0.000000000000000000e+00	-1.147310382244382652e+02
2.102384999999999948e+01	-9.643274665532871356e-16	-1.145104464759492942e+02
2.103790000000000049e+01	-9.643274665532871356e-16	-1.142831743147130794e+02
2.105194999999999794e+01	1.928654933106573877e-15	-1.140487907333408515e+02
2.106599999999999895e+01	0.000000000000000000e+00	-1.138068240102921749e+02
2.108004999999999995e+01	0.000000000000000000e+00	-1.135567564660175321e+02
2.109409999999999741e+01	0.000000000000000000e+00	-1.132980183486010617e+02
2.110815000000000197e+01	0.000000000000000000e+00	-1.130299806695806666e+02
2.112219999999999942e+01	0.000000000000000000e+00	-1.127519467659906240e+02
2.113625000000000043e+01	-9.643274665532871356e-16	-1.124631423068666436e+02
2.115030000000000143e+01	0.000000000000000000e+00	-1.121627033869586683e+02
2.116434999999999889e+01	0.000000000000000000e+00	-1.118496622508405238e+02
2.117839999999999989e+01	0.000000000000000000e+00	-1.115229300580410978e+02
2.119245000000000090e+01	-9.643274665532871356e-16	-1.111812759213775905e+02
2.120649999999999835e+01	1.928654933106573877e-15	-1.108233012076755699e+02
2.122054999999999936e+01	-9.643274665532871356e-16	-1.104474077550124065e+02
2.123460000000000036e+01	0.000000000000000000e+00	-1.100517581923131303e+02
2.124864999999999782e+01	0.000000000000000000e+00	-1.096342258828073284e+02
2.126270000000000238e+01	0.000000000000000000e+00	-1.091923310551260897e+02
2.127674999999999983e+01	-9.643274665532871356e-16	-1.087231582803180174e+02
2.129079999999999728e+01	-9.643274665532871356e-16	-1.082232483495994018e+02
2.130485000000000184e+01	-9.643274665532871356e-16	-1.076884543904067471e+02
2.131889999999999930e+01	0.000000000000000000e+00	-1.071137470165128178e+02
2.133295000000000030e+01	0.000000000000000000e+00	-1.064929451882995437e+02
2.134700000000000131e+01	-9.643274665532871356e-16	-1.058183359723405204e+02
2.136104999999999876e+01	0.000000000000000000e+00	-1.050801231821215538e+02
2.137509999999999977e+01	0.000000000000000000e+00	-1.042656032870879415e+02
2.138915000000000077e+01	-9.643274665532871356e-16	-1.033578887906301418e+02
2.140319999999999823e+01	0.000000000000000000e+00	-1.023338437721438936e+02
2.141724999999999923e+01	0.000000000000000000e+00	-1.011605651951115021e+02
2.143130000000000024e+01	0.000000000000000000e+00	-9.978897678410460514e+01
2.144534999999999769e+01	0.000000000000000000e+00	-9.814112598353263195e+01
2.145940000000000225e+01	-9.643274665532871356e-16	-9.608190628351586327e+01
2.147344999999999970e+01	-9.643274665532871356e-16	-9.334466304353759369e+01
2.148749999999999716e+01	0.000000000000000000e+00	-8.927507432625890260e+01
2.150155000000000172e+01	0.000000000000000000e+00	-8.131206392189181997e+01
2.151559999999999917e+01	0.000000000000000000e+00	-7.681373434059172212e+01
2.152965000000000018e+01	0.000000000000000000e+00	-8.782933112361176597e+01
2.154370000000000118e+01	0.000000000000000000e+00	-9.263535505445416618e+01
2.155774999999999864e+01	0.000000000000000000e+00	-9.574791507638273913e+01
2.157179999999999964e+01	-9.643274665532871356e-16	-9.806098416792031003e+01
2.158585000000000065e+01	0.000000000000000000e+00	-9.990734603001305913e+01
2.159989999999999810e+01	0.000000000000000000e+00	-1.014476549364325422e+02
2.161394999999999911e+01	-9.643274665532871356e-16	-1.027718175652170771e+02
2.162800000000000011e+01	-9.643274665532871356e-16	-1.039352531169498093e+02
2.164204999999999757e+01	0.000000000000000000e+00	-1.049745456769155680e+02
2.165610000000000213e+01	-9.643274665532871356e-16	-1.059151164411362203e+02
2.167014999999999958e+01	0.000000000000000000e+00	-1.067753485665892867e+02
2.168420000000000059e+01	0.000000000000000000e+00	-1.075689670377695109e+02
2.169825000000000159e+01	-1.928654933106574271e-15	-1.083064905801759892e+02
2.171229999999999905e+01	0.000000000000000000e+00	-1.089961585193477447e+02
2.172635000000000005e+01	0.000000000000000000e+00	-1.096445451156580759e+02
2.174040000000000106e+01	0.000000000000000000e+00	-1.102569798582592853e+02
2.175444999999999851e+01	0.000000000000000000e+00	-1.108378428983949675e+02
2.176849999999999952e+01	0.000000000000000000e+00	-1.113907776345442926e+02
2.178255000000000052e+01	0.000000000000000000e+00	-1.119188468415021873e+02
2.179659999999999798e+01	-9.643274665532871356e-16	-1.124246494186397314e+02
2.181064999999999898e+01	0.000000000000000000e+00	-1.129104090945426009e+02
2.182469999999999999e+01	-9.643274665532871356e-16	-1.133780427901129571e+02
2.183874999999999744e+01	0.000000000000000000e+00	-1.138292139808793735e+02
2.185280000000000200e+01	0.000000000000000000e+00	-1.142653748305606598e+02
2.186684999999999945e+01	0.000000000000000000e+00	-1.146877998045773950e+02
2.188090000000000046e+01	1.928654933106573877e-15	-1.150976127381229901e+02
2.189495000000000147e+01	-9.643274665532871356e-16	-1.154958088181429190e+02
2.190899999999999892e+01	0.000000000000000000e+00	-1.158832725714014913e+02
2.192304999999999993e+01	-1.928654933106574271e-15	-1.162607926854855691e+02
2.193710000000000093e+01	0.000000000000000000e+00	-1.166290742954192012e+02
2.195114999999999839e+01	0.000000000000000000e+00	-1.169887492247620884e+02
2.196519999999999939e+01	0.000000000000000000e+00	-1.173403845624117992e+02
2.197925000000000040e+01	0.000000000000000000e+00	-1.176844898749255606e+02
2.199329999999999785e+01	0.000000000000000000e+00	-1.180215232920527058e+02
2.200734999999999886e+01	0.000000000000000000e+00	-1.183518966553478435e+02
2.202139999999999986e+01	-9.643274665532871356e-16	-1.186759798826483348e+02
2.203544999999999732e+01	-9.643274665532871356e-16	-1.189941046722372562e+02
2.204950000000000188e+01	0.000000000000000000e+00	-1.193065676477575465e+02
2.206354999999999933e+01	0.000000000000000000e+00	-1.196136330269804660e+02
2.207760000000000034e+01	0.000000000000000000e+00	-1.199155348833082257e+02
2.209165000000000134e+01	-9.643274665532871356e-16	-1.202124790575900590e+02
2.210569999999999879e+01	0.000000000000000000e+00	-1.205046447688774691e+02
2.211974999999999980e+01	0.000000000000000000e+00	-1.207921859656572678e+02
2.213380000000000081e+01	-9.643274665532871356e-16	-1.210752324535314699e+02
2.214784999999999826e+01	0.000000000000000000e+00	-1.213538908310084139e+02
2.216189999999999927e+01	-1.928654933106574271e-15	-1.216282452617852812e+02
2.217595000000000027e+01	0.000000000000000000e+00	-1.218983581095074697e+02
2.218999999999999773e+01	0.000000000000000000e+00	-1.221642704593278808e+02
2.220405000000000229e+01	0.000000000000000000e+00	-1.224260025495583761e+02
2.221809999999999974e+01	0.000000000000000000e+00	-1.226835541362129476e+02
2.223214999999999719e+01	0.000000000000000000e+00	-1.229369048132017781e+02
2.224620000000000175e+01	0.000000000000000000e+00	-1.231860143112559172e+02
2.226024999999999920e+01	-9.643274665532871356e-16	-1.234308227992739546e+02
2.227430000000000021e+01	0.000000000000000000e+00	-1.236712512125764505e+02
2.228835000000000122e+01	-9.643274665532871356e-16	-1.239072016334302475e+02
2.230239999999999867e+01	-9.643274665532871356e-16	-1.241385577500532946e+02
2.231644999999999968e+01	0.000000000000000000e+00	-1.243651854209805094e+02
2.233050000000000068e+01	0.000000000000000000e+00	-1.245869333720137035e+02
2.234454999999999814e+01	0.000000000000000000e+00	-1.248036340528296648e+02
2.235859999999999914e+01	1.928654933106573877e-15	-1.250151046794826755e+02
2.237265000000000015e+01	-9.643274665532871356e-16	-1.252211484873317460e+02
2.238669999999999760e+01	-9.643274665532871356e-16	-1.254215562161565174e+02
2.240075000000000216e+01	0.000000000000000000e+00	-1.256161078452326052e+02
2.241479999999999961e+01	0.000000000000000000e+00	-1.258045745907783157e+02
2.242884999999999707e+01	-9.643274665532871356e-16	-1.259867211713933273e+02
2.244290000000000163e+01	-9.643274665532871356e-16	-1.261623083388639657e+02
2.245694999999999908e+01	0.000000000000000000e+00	-1.263310956621300534e+02
2.247100000000000009e+01	0.000000000000000000e+00	-1.264928445414909106e+02
2.248505000000000109e+01	0.000000000000000000e+00	-1.266473214186249976e+02
2.249909999999999854e+01	-9.643274665532871356e-16	-1.267943011361904695e+02
2.251314999999999955e+01	0.000000000000000000e+00	-1.269335703892541005e+02
2.252720000000000056e+01	0.000000000000000000e+00	-1.270649312002725537e+02
2.254124999999999801e+01	0.000000000000000000e+00	-1.271882043405688307e+02
2.255529999999999902e+01	0.000000000000000000e+00	-1.273032326149656370e+02
2.256935000000000002e+01	0.000000000000000000e+00	-1.274098839231415354e+02
2.258339999999999748e+01	0.000000000000000000e+00	-1.275080540119111561e+02
2.259745000000000203e+01	-9.643274665532871356e-16	-1.275976688373143588e+02
2.261149999999999949e+01	0.000000000000000000e+00	-1.276786864642188704e+02
2.262555000000000049e+01	0.000000000000000000e+00	-1.277510984438402062e+02
2.263960000000000150e+01	-9.643274665532871356e-16	-1.278149306256217557e+02
2.265364999999999895e+01	-9.643274665532871356e-16	-1.278702433784866486e+02
2.266769999999999996e+01	0.000000000000000000e+00	-1.279171312165114074e+02
2.268175000000000097e+01	0.000000000000000000e+00	-1.279557218444372495e+02
2.269579999999999842e+01	-9.643274665532871356e-16	-1.279861746579047121e+02
2.270984999999999943e+01	0.000000000000000000e+00	-1.280086787507728161e+02
2.272390000000000043e+01	0.000000000000000000e+00	-1.280234504964155633e+02
2.273794999999999789e+01	0.000000000000000000e+00	-1.280307307807789812e+02
2.275199999999999889e+01	-9.643274665532871356e-16	-1.280307819718451583e+02
2.276604999999999990e+01	-9.643274665532871356e-16	-1.280238847128878774e+02
2.278009999999999735e+01	0.000000000000000000e+00	-1.280103346257226917e+02
2.279415000000000191e+01	0.000000000000000000e+00	-1.279904390054959720e+02
2.280819999999999936e+01	0.000000000000000000e+00	-1.279645135810383607e+02
2.282225000000000037e+01	0.000000000000000000e+00	-1.279328794051651244e+02
2.283630000000000138e+01	0.000000000000000000e+00	-1.278958599282957209e+02
2.285034999999999883e+01	0.000000000000000000e+00	-1.278537782971234833e+02
2.286439999999999984e+01	-9.643274665532871356e-16	-1.278069549084565750e+02
2.287845000000000084e+01	-9.643274665532871356e-16	-1.277557052373070974e+02
2.289249999999999829e+01	-1.928654933106574271e-15	-1.277003379482588628e+02
2.290654999999999930e+01	0.000000000000000000e+00	-1.276411532903618991e+02
2.292060000000000031e+01	-9.643274665532871356e-16	-1.275784417684562300e+02
2.293464999999999776e+01	0.000000000000000000e+00	-1.275124830779613347e+02
2.294869999999999877e+01	-9.643274665532871356e-16	-1.274435452857470352e+02
2.296274999999999977e+01	0.000000000000000000e+00	-1.273718842366210993e+02
2.297679999999999723e+01	0.000000000000000000e+00	-1.272977431630849168e+02
2.299085000000000178e+01	-9.643274665532871356e-16	-1.272213524751453235e+02
2.300489999999999924e+01	0.000000000000000000e+00	-1.271429297069513780e+02
2.301895000000000024e+01	-9.643274665532871356e-16	-1.270626795976657064e+02
2.303300000000000125e+01	-1.928654933106574271e-15	-1.269807942851255973e+02
2.304704999999999870e+01	-9.643274665532871356e-16	-1.268974535923381239e+02
2.306109999999999971e+01	-1.928654933106574271e-15	-1.268128253885719801e+02
2.307515000000000072e+01	-9.643274665532871356e-16	-1.267270660086427938e+02
2.308919999999999817e+01	-9.643274665532871356e-16	-1.266403207158558928e+02
2.310324999999999918e+01	-9.643274665532871356e-16	-1.265527241959077998e+02
2.311730000000000018e+01	0.000000000000000000e+00	-1.264644010708054367e+02
2.313134999999999764e+01	1.928654933106573877e-15	-1.263754664235071346e+02
2.314540000000000219e+01	0.000000000000000000e+00	-1.262860263255010409e+02
2.315944999999999965e+01	0.000000000000000000e+00	-1.261961783609056198e+02
2.317349999999999710e+01	0.000000000000000000e+00	-1.261060121418954338e+02
2.318755000000000166e+01	-9.643274665532871356e-16	-1.260156098113307621e+02
2.320159999999999911e+01	0.000000000000000000e+00	-1.259250465294033319e+02
2.321565000000000012e+01	-9.643274665532871356e-16	-1.258343909419149327e+02
2.322970000000000113e+01	-9.643274665532871356e-16	-1.257437056284885699e+02
2.324374999999999858e+01	0.000000000000000000e+00	-1.256530475295883207e+02
2.325779999999999959e+01	0.000000000000000000e+00	-1.255624683516994082e+02
2.327185000000000059e+01	-9.643274665532871356e-16	-1.254720149504159110e+02
2.328589999999999804e+01	0.000000000000000000e+00	-1.253817296914970996e+02
2.329994999999999905e+01	-9.643274665532871356e-16	-1.252916507902085357e+02
2.331400000000000006e+01	0.000000000000000000e+00	-1.252018126294611022e+02
2.332804999999999751e+01	0.000000000000000000e+00	-1.251122460574112836e+02
2.334210000000000207e+01	-9.643274665532871356e-16	-1.250229786652958808e+02
2.335614999999999952e+01	-9.643274665532871356e-16	-1.249340350463550067e+02
2.337019999999999698e+01	-9.643274665532871356e-16	-1.248454370367448263e+02
2.338425000000000153e+01	0.000000000000000000e+00	-1.247572039393727437e+02
2.339829999999999899e+01	-9.643274665532871356e-16	-1.246693527315969732e+02
2.341234999999999999e+01	-9.643274665532871356e-16	-1.245818982577289802e+02
2.342640000000000100e+01	0.000000000000000000e+00	-1.244948534072640882e+02
2.344044999999999845e+01	0.000000000000000000e+00	-1.244082292797400555e+02
2.345449999999999946e+01	0.000000000000000000e+00	-1.243220353370955138e+02
2.346855000000000047e+01	0.000000000000000000e+00	-1.242362795443650469e+02
2.348259999999999792e+01	-9.643274665532871356e-16	-1.241509684995103555e+02
2.349664999999999893e+01	0.000000000000000000e+00	-1.240661075531473614e+02
2.351069999999999993e+01	0.000000000000000000e+00	-1.239817009188888619e+02
2.352474999999999739e+01	-9.643274665532871356e-16	-1.238977517749813160e+02
2.353880000000000194e+01	0.000000000000000000e+00	-1.238142623578736021e+02
2.355284999999999940e+01	0.000000000000000000e+00	-1.237312340483170772e+02
2.356689999999999685e+01	-9.643274665532871356e-16	-1.236486674505556351e+02
2.358095000000000141e+01	-9.643274665532871356e-16	-1.235665624651299623e+02
2.359499999999999886e+01	-9.643274665532871356e-16	-1.234849183557822130e+02
2.360904999999999987e+01	1.928654933106573877e-15	-1.234037338109145452e+02
2.362310000000000088e+01	-9.643274665532871356e-16	-1.233230070000233809e+02
2.363714999999999833e+01	0.000000000000000000e+00	-1.232427356254993214e+02
2.365119999999999933e+01	0.000000000000000000e+00	-1.231629169701555071e+02
2.366525000000000034e+01	-9.643274665532871356e-16	-1.230835479408198694e+02
2.367929999999999779e+01	0.000000000000000000e+00	-1.230046251083012265e+02
2.369334999999999880e+01	0.000000000000000000e+00	-1.229261447440164545e+02
2.370739999999999981e+01	-9.643274665532871356e-16	-1.228481028535437076e+02
2.372144999999999726e+01	0.000000000000000000e+00	-1.227704952073462010e+02
2.373550000000000182e+01	0.000000000000000000e+00	-1.226933173688923659e+02
2.374954999999999927e+01	-1.928654933106574271e-15	-1.226165647203811773e+02
2.376360000000000028e+01	0.000000000000000000e+00	-1.225402324862635055e+02
2.377765000000000128e+01	0.000000000000000000e+00	-1.224643157547378394e+02
2.379169999999999874e+01	-9.643274665532871356e-16	-1.223888094973823399e+02
2.380574999999999974e+01	0.000000000000000000e+00	-1.223137085870739185e+02
2.381980000000000075e+01	-1.928654933106574271e-15	-1.222390078143326377e+02
2.383384999999999820e+01	-9.643274665532871356e-16	-1.221647019022185390e+02
2.384789999999999921e+01	-9.643274665532871356e-16	-1.220907855198983469e+02
2.386195000000000022e+01	-8.000339335558322978e-06	-1.220172532949900130e+02
2.387599999999999767e+01	-1.636089071238854640e-05	-1.219440998247840469e+02
2.389004999999999868e+01	-2.458286485444551850e-05	-1.218713196864333383e+02
2.390409999999999968e+01	-3.266366287873748506e-05	-1.217989074461956136e+02
2.391814999999999714e+01	-4.060067560998003390e-05	-1.217268576678057173e+02
2.393220000000000169e+01	-4.839128362629990050e-05	-1.216551649200487617e+02
2.394624999999999915e+01	-5.603285733870104447e-05	-1.215838237836003941e+02
2.396030000000000015e+01	-6.352275703968300916e-05	-1.215128288571932558e+02
2.397435000000000116e+01	-7.085833296729950276e-05	-1.214421747631664061e+02
2.398839999999999861e+01	-7.803692536344192894e-05	-1.213718561524476058e+02
2.400244999999999962e+01	-8.505586453695572848e-05	-1.213018677090161503e+02
2.401650000000000063e+01	-9.191247093448263713e-05	-1.212322041538890289e+02
2.403054999999999808e+01	-9.860405517659790288e-05	-1.211628602486703414e+02
2.404459999999999908e+01	-1.051279181518192474e-04	-1.210938307987002958e+02
2.405865000000000009e+01	-1.114813510624103825e-04	-1.210251106558378638e+02
2.407269999999999754e+01	-1.176616354856252738e-04	-1.209566947209074783e+02
2.408674999999999855e+01	-1.236660434523223116e-04	-1.208885779458385059e+02
2.410079999999999956e+01	-1.294918374956954582e-04	-1.208207553355239128e+02
2.411484999999999701e+01	-1.351362707270187128e-04	-1.207532219494217713e+02
2.412890000000000157e+01	-1.405965868911513122e-04	-1.206859729029220887e+02
2.414294999999999902e+01	-1.458700204442347223e-04	-1.206190033684992216e+02
2.415700000000000003e+01	-1.509537966121145464e-04	-1.205523085766686933e+02
2.417105000000000103e+01	-1.558451314574538595e-04	-1.204858838167657495e+02
2.418509999999999849e+01	-1.605412319449297815e-04	-1.204197244375612570e+02
2.419914999999999949e+01	-1.650392960131927885e-04	-1.203538258477298797e+02
2.421320000000000050e+01	-1.693365126429808199e-04	-1.202881835161837500e+02
2.422724999999999795e+01	-1.734300619262102515e-04	-1.202227929722842532e+02
2.424129999999999896e+01	-1.773171151196495138e-04	-1.201576498059427536e+02
2.425534999999999997e+01	-1.809948347352504532e-04	-1.200927496676213337e+02
2.426939999999999742e+01	-1.844603746034908110e-04	-1.200280882682428967e+02
2.428345000000000198e+01	-1.877108799290139879e-04	-1.199636613790191007e+02
2.429749999999999943e+01	-1.907434873809984608e-04	-1.198994648312052220e+02
2.431154999999999688e+01	-1.935553251536450698e-04	-1.198354945157879285e+02
2.432560000000000144e+01	-1.961435130305342830e-04	-1.197717463831143618e+02
2.433964999999999890e+01	-1.985051624798558748e-04	-1.197082164424678865e+02
2.435369999999999990e+01	-2.006373766937188984e-04	-1.196449007615962330e+02
2.436775000000000091e+01	-2.025372506853358276e-04	-1.195817954661981872e+02
2.438179999999999836e+01	-2.042018713563249223e-04	-1.195188967393725648e+02
2.439584999999999937e+01	-2.056283175630612596e-04	-1.194562008210347415e+02
2.440990000000000038e+01	-2.068136601926844564e-04	-1.193937040073048053e+02
2.442394999999999783e+01	-2.077549622410481973e-04	-1.193314026498703839e+02
2.443799999999999883e+01	-2.084492788848971189e-04	-1.192692931553285689e+02
2.445204999999999984e+01	-2.088936575559856615e-04	-1.192073719845092370e+02
2.446609999999999729e+01	-2.090851380113526120e-04	-1.191456356517832376e+02
2.448015000000000185e+01	-2.090207524228964234e-04	-1.190840807243576194e+02
2.449419999999999931e+01	-2.086975254341759162e-04	-1.190227038215609099e+02
2.450824999999999676e+01	-2.081124742509766947e-04	-1.189615016141197543e+02
2.452230000000000132e+01	-2.072626087135684241e-04	-1.189004708234299557e+02
2.453634999999999877e+01	-2.061449313699401662e-04	-1.188396082208229387e+02
2.455039999999999978e+01	-2.047564375586928673e-04	-1.187789106268295569e+02
2.456445000000000078e+01	-2.030941154813373196e-04	-1.187183749104431172e+02
2.457849999999999824e+01	-2.011549462852141334e-04	-1.186579979883824052e+02
2.459254999999999924e+01	-1.989359041435339052e-04	-1.185977768243562167e+02
2.460660000000000025e+01	-1.964339563219308056e-04	-1.185377084283308733e+02
2.462064999999999770e+01	-1.936460632701024638e-04	-1.184777898558010776e+02
2.463469999999999871e+01	-1.905691787018918236e-04	-1.184180182070656286e+02
2.464874999999999972e+01	-1.872002496580245563e-04	-1.183583906265084522e+02
2.466279999999999717e+01	-1.835362166093629731e-04	-1.182989043018859832e+02
2.467685000000000173e+01	-1.795740135235284331e-04	-1.182395564636212413e+02
2.469089999999999918e+01	-1.753105679488961110e-04	-1.181803443841056662e+02
2.470495000000000019e+01	-1.707428010928177455e-04	-1.181212653770086405e+02
2.471900000000000119e+01	-1.658676279075726870e-04	-1.180623167965958942e+02
2.473304999999999865e+01	-1.606819571734403635e-04	-1.180034960370564789e+02
2.474709999999999965e+01	-1.551826915711788154e-04	-1.179448005318393342e+02
2.476115000000000066e+01	-1.493667277815185416e-04	-1.178862277529994032e+02
2.477519999999999811e+01	-1.432309565460972091e-04	-1.178277752105535967e+02
2.478924999999999912e+01	-1.367722627718034054e-04	-1.177694404518469895e+02
2.480330000000000013e+01	-1.299875256033112549e-04	-1.177112210609294038e+02
2.481734999999999758e+01	-1.228736185014152186e-04	-1.176531146579426661e+02
2.483139999999999858e+01	-1.154274093435586743e-04	-1.175951188985182512e+02
2.484544999999999959e+01	-1.076457604925534154e-04	-1.175372314731862389e+02
2.485949999999999704e+01	-9.952552889520770662e-05	-1.174794501067948573e+02
2.487355000000000160e+01	-9.106356615010955974e-05	-1.174217725579410398e+02
2.488759999999999906e+01	-8.225671861014023146e-05	-1.173641966184125494e+02
2.490165000000000006e+01	-7.310182745800036992e-05	-1.173067201126404910e+02
2.491570000000000107e+01	-6.359572879910827870e-05	-1.172493408971635773e+02
2.492974999999999852e+01	-5.373525373908268939e-05	-1.171920568601032926e+02
2.494379999999999953e+01	-4.351722847956219814e-05	-1.171348659206502418e+02
2.495785000000000053e+01	-3.293847439957347330e-05	-1.170777660285616406e+02
2.497189999999999799e+01	-2.199580814366395605e-05	-1.170207551636700458e+02
2.498594999999999899e+01	-1.068604170522681577e-05	-1.169638313354028867e+02
2.500000000000000000e+01	-9.643274665532871356e-16	-1.169069925823134497e+02
