Frequency	S11(dB)	S21(dB)
1.095000000000000107e+01	-4.886024401014960674e-05	-1.260953712566435172e+02
1.097905000000000086e+01	-7.093439205981614992e-06	-1.261026695552642991e+02
1.100810000000000066e+01	0.000000000000000000e+00	-1.261097102842589379e+02
1.103715000000000046e+01	0.000000000000000000e+00	-1.261164888018480355e+02
1.106620000000000026e+01	0.000000000000000000e+00	-1.261230004413013148e+02
1.109525000000000183e+01	-9.643274665532871356e-16	-1.261292405124986544e+02
1.112430000000000163e+01	-1.928654933106574271e-15	-1.261352043035503954e+02
1.115335000000000143e+01	0.000000000000000000e+00	-1.261408870824878647e+02
1.118240000000000123e+01	0.000000000000000000e+00	-1.261462840989931777e+02
1.121145000000000103e+01	0.000000000000000000e+00	-1.261513905862247782e+02
1.124050000000000082e+01	-9.643274665532871356e-16	-1.261562017626359022e+02
1.126955000000000062e+01	0.000000000000000000e+00	-1.261607128339478976e+02
1.129860000000000042e+01	0.000000000000000000e+00	-1.261649189950804129e+02
1.132765000000000022e+01	-9.643274665532871356e-16	-1.261688154322119146e+02
1.135670000000000179e+01	0.000000000000000000e+00	-1.261723973248657416e+02
1.138575000000000159e+01	1.928654933106573877e-15	-1.261756598480552327e+02
1.141480000000000139e+01	-9.643274665532871356e-16	-1.261785981744730236e+02
1.144385000000000119e+01	-9.643274665532871356e-16	-1.261812074767683924e+02
1.147290000000000099e+01	-9.643274665532871356e-16	-1.261834829298230432e+02
1.150195000000000078e+01	0.000000000000000000e+00	-1.261854197131388702e+02
1.153100000000000058e+01	0.000000000000000000e+00	-1.261870130131882490e+02
1.156005000000000038e+01	0.000000000000000000e+00	-1.261882580259135977e+02
1.158910000000000018e+01	0.000000000000000000e+00	-1.261891499592117327e+02
1.161815000000000175e+01	0.000000000000000000e+00	-1.261896840354332596e+02
1.164720000000000155e+01	0.000000000000000000e+00	-1.261898554940017192e+02
1.167625000000000135e+01	-9.643274665532871356e-16	-1.261896595939584387e+02
1.170530000000000115e+01	-9.643274665532871356e-16	-1.261890916167178602e+02
1.173435000000000095e+01	0.000000000000000000e+00	-1.261881468686095928e+02
1.176340000000000074e+01	0.000000000000000000e+00	-1.261868206837060029e+02
1.179245000000000054e+01	-9.643274665532871356e-16	-1.261851084264667691e+02
1.182150000000000034e+01	0.000000000000000000e+00	-1.261830054945297945e+02
1.185055000000000014e+01	-9.643274665532871356e-16	-1.261805073214978563e+02
1.187960000000000171e+01	0.000000000000000000e+00	-1.261776093797009821e+02
1.190865000000000151e+01	0.000000000000000000e+00	-1.261743071829788363e+02
1.193770000000000131e+01	0.000000000000000000e+00	-1.261705962895402422e+02
1.196675000000000111e+01	-9.643274665532871356e-16	-1.261664723047626637e+02
1.199580000000000091e+01	-9.643274665532871356e-16	-1.261619308839423468e+02
1.202485000000000070e+01	-1.928654933106574271e-15	-1.261569677352158294e+02
1.205390000000000050e+01	0.000000000000000000e+00	-1.261515786222527566e+02
1.208295000000000030e+01	1.928654933106573877e-15	-1.261457593671009079e+02
1.211200000000000188e+01	0.000000000000000000e+00	-1.261395058529873836e+02
1.214105000000000167e+01	1.928654933106573877e-15	-1.261328140269966269e+02
1.217010000000000147e+01	0.000000000000000000e+00	-1.261256799028160174e+02
1.219915000000000127e+01	0.000000000000000000e+00	-1.261180995635073856e+02
1.222820000000000107e+01	0.000000000000000000e+00	-1.261100691640691451e+02
1.225725000000000087e+01	0.000000000000000000e+00	-1.261015849340907096e+02
1.228630000000000067e+01	-9.643274665532871356e-16	-1.260926431804043659e+02
1.231535000000000046e+01	-9.643274665532871356e-16	-1.260832402894798321e+02
1.234440000000000026e+01	0.000000000000000000e+00	-1.260733727300392815e+02
1.237345000000000184e+01	-9.643274665532871356e-16	-1.260630370553632247e+02
1.240250000000000163e+01	0.000000000000000000e+00	-1.260522299057381588e+02
1.243155000000000143e+01	-9.643274665532871356e-16	-1.260409480106883251e+02
1.246060000000000123e+01	-9.643274665532871356e-16	-1.260291881912385179e+02
1.248965000000000103e+01	-9.643274665532871356e-16	-1.260169473619999394e+02
1.251870000000000083e+01	-9.643274665532871356e-16	-1.260042225333276775e+02
1.254775000000000063e+01	-9.643274665532871356e-16	-1.259910108132097548e+02
1.257680000000000042e+01	0.000000000000000000e+00	-1.259773094092048495e+02
1.260585000000000022e+01	0.000000000000000000e+00	-1.259631156302469037e+02
1.263490000000000180e+01	0.000000000000000000e+00	-1.259484268883224587e+02
1.266395000000000159e+01	0.000000000000000000e+00	-1.259332407001109573e+02
1.269300000000000139e+01	0.000000000000000000e+00	-1.259175546884406316e+02
1.272205000000000119e+01	-9.643274665532871356e-16	-1.259013665837445330e+02
1.275110000000000099e+01	0.000000000000000000e+00	-1.258846742253026889e+02
1.278015000000000079e+01	0.000000000000000000e+00	-1.258674755624178658e+02
1.280920000000000059e+01	-9.643274665532871356e-16	-1.258497686554924400e+02
1.283825000000000038e+01	0.000000000000000000e+00	-1.258315516769315110e+02
1.286730000000000018e+01	0.000000000000000000e+00	-1.258128229120011383e+02
1.289635000000000176e+01	-9.643274665532871356e-16	-1.257935807595183633e+02
1.292540000000000155e+01	1.928654933106573877e-15	-1.257738237323948454e+02
1.295445000000000135e+01	0.000000000000000000e+00	-1.257535504581234136e+02
1.298350000000000115e+01	0.000000000000000000e+00	-1.257327596790536717e+02
1.301255000000000095e+01	0.000000000000000000e+00	-1.257114502526147959e+02
1.304160000000000075e+01	-9.643274665532871356e-16	-1.256896211513422799e+02
1.307065000000000055e+01	0.000000000000000000e+00	-1.256672714628451217e+02
1.309970000000000034e+01	0.000000000000000000e+00	-1.256444003895701087e+02
1.312875000000000014e+01	0.000000000000000000e+00	-1.256210072484952178e+02
1.315780000000000172e+01	-9.643274665532871356e-16	-1.255970914706433064e+02
1.318684999999999974e+01	0.000000000000000000e+00	-1.255726526005225878e+02
1.321590000000000131e+01	0.000000000000000000e+00	-1.255476902953625142e+02
1.324495000000000111e+01	0.000000000000000000e+00	-1.255222043242715131e+02
1.327400000000000091e+01	0.000000000000000000e+00	-1.254961945672966976e+02
1.330305000000000071e+01	-9.643274665532871356e-16	-1.254696610142792110e+02
1.333210000000000051e+01	1.928654933106573877e-15	-1.254426037636152813e+02
1.336115000000000030e+01	0.000000000000000000e+00	-1.254150230209475296e+02
1.339020000000000010e+01	0.000000000000000000e+00	-1.253869190976580938e+02
1.341925000000000168e+01	-1.928654933106574271e-15	-1.253582924092913515e+02
1.344829999999999970e+01	0.000000000000000000e+00	-1.253291434738299870e+02
1.347735000000000127e+01	0.000000000000000000e+00	-1.252994729099066831e+02
1.350640000000000107e+01	0.000000000000000000e+00	-1.252692814348454533e+02
1.353545000000000087e+01	0.000000000000000000e+00	-1.252385698626334829e+02
1.356450000000000067e+01	-1.928654933106574271e-15	-1.252073391018001018e+02
1.359355000000000047e+01	-9.643274665532871356e-16	-1.251755901531450945e+02
1.362260000000000026e+01	0.000000000000000000e+00	-1.251433241074403782e+02
1.365165000000000006e+01	0.000000000000000000e+00	-1.251105421429559215e+02
1.368070000000000164e+01	-9.643274665532871356e-16	-1.250772455230007836e+02
1.370974999999999966e+01	-9.643274665532871356e-16	-1.250434355932609520e+02
1.373880000000000123e+01	0.000000000000000000e+00	-1.250091137791672367e+02
1.376785000000000103e+01	-9.643274665532871356e-16	-1.249742815831021687e+02
1.379690000000000083e+01	-2.610845466556987717e-06	-1.249389405815877438e+02
1.382595000000000063e+01	-1.962933992724155509e-05	-1.249030924223835655e+02
1.385500000000000043e+01	-3.658669504864642307e-05	-1.248667388215224463e+02
1.388405000000000022e+01	-5.347418366226475519e-05	-1.248298815602917102e+02
1.391310000000000002e+01	-7.028324232272688461e-05	-1.247925224821559453e+02
1.394215000000000160e+01	-8.700547146248775450e-05	-1.247546634896322502e+02
1.397119999999999962e+01	-1.036326353884251965e-04	-1.247163065411184562e+02
1.400025000000000119e+01	-1.201566623450326001e-04	-1.246774536476819293e+02
1.402930000000000099e+01	-1.365696444262603333e-04	-1.246381068698067054e+02
1.405835000000000079e+01	-1.528638376011930925e-04	-1.245982683141116212e+02
1.408740000000000059e+01	-1.690316615218242320e-04	-1.245579401300453242e+02
1.411645000000000039e+01	-1.850656995246960802e-04	-1.245171245065373711e+02
1.414550000000000018e+01	-2.009586984223410075e-04	-1.244758236686646313e+02
1.417454999999999998e+01	-2.167035682204890279e-04	-1.244340398742556886e+02
1.420360000000000156e+01	-2.322933821159190186e-04	-1.243917754105282114e+02
1.423264999999999958e+01	-2.477213760565070695e-04	-1.243490325906942360e+02
1.426170000000000115e+01	-2.629809485886591258e-04	-1.243058137505494898e+02
1.429075000000000095e+01	-2.780656604906601862e-04	-1.242621212450990527e+02
1.431980000000000075e+01	-2.929692344542393547e-04	-1.242179574451514981e+02
1.434885000000000055e+01	-3.076855548635302096e-04	-1.241733247339497836e+02
1.437790000000000035e+01	-3.222086669520074454e-04	-1.241282255037636304e+02
1.440695000000000014e+01	-3.365327771957208757e-04	-1.240826621525564804e+02
1.443599999999999994e+01	-3.506522519494445055e-04	-1.240366370806421656e+02
1.446505000000000152e+01	-3.645616177530781920e-04	-1.239901526873092337e+02
1.449409999999999954e+01	-3.782555604142485658e-04	-1.239432113675739799e+02
1.452315000000000111e+01	-3.917289245258059969e-04	-1.238958155088491537e+02
1.455220000000000091e+01	-4.049767131154099098e-04	-1.238479674877365397e+02
1.458125000000000071e+01	-4.179940868389308856e-04	-1.237996696667526351e+02
1.461030000000000051e+01	-4.307763640002809364e-04	-1.237509243911544132e+02
1.463935000000000031e+01	-4.433190189491264632e-04	-1.237017339857775653e+02
1.466840000000000011e+01	-4.556176821816391520e-04	-1.236521007519182547e+02
1.469744999999999990e+01	-4.676681395462619381e-04	-1.236020269642020395e+02
1.472650000000000148e+01	-4.794663315834730337e-04	-1.235515148675694093e+02
1.475554999999999950e+01	-4.910083526784073376e-04	-1.235005666742596162e+02
1.478460000000000107e+01	-5.022904504718773196e-04	-1.234491845608053495e+02
1.481365000000000087e+01	-5.133090254912173059e-04	-1.233973706651530478e+02
1.484270000000000067e+01	-5.240606293566747601e-04	-1.233451270836926597e+02
1.487175000000000047e+01	-5.345419652588638635e-04	-1.232924558685022305e+02
1.490080000000000027e+01	-5.447498866694074635e-04	-1.232393590244880954e+02
1.492985000000000007e+01	-5.546813960688699863e-04	-1.231858385066212378e+02
1.495889999999999986e+01	-5.643336450373055571e-04	-1.231318962172722564e+02
1.498795000000000144e+01	-5.737039323764228736e-04	-1.230775340035178402e+02
1.501699999999999946e+01	-5.827897043996282597e-04	-1.230227536544836653e+02
1.504605000000000103e+01	-5.915885534108776588e-04	-1.229675568988404990e+02
1.507510000000000083e+01	-6.000982164930236760e-04	-1.229119454021901703e+02
1.510415000000000063e+01	-6.083165754176815153e-04	-1.228559207646455320e+02
1.513320000000000043e+01	-6.162416554710469169e-04	-1.227994845183287396e+02
1.516225000000000023e+01	-6.238716241658408832e-04	-1.227426381250324994e+02
1.519130000000000180e+01	-6.312047904537012016e-04	-1.226853829738164023e+02
1.522034999999999982e+01	-6.382396042711844944e-04	-1.226277203786703041e+02
1.524940000000000140e+01	-6.449746546911740847e-04	-1.225696515763818297e+02
1.527844999999999942e+01	-6.514086701775663501e-04	-1.225111777240892366e+02
1.530750000000000099e+01	-6.575405160942397959e-04	-1.224522998972688868e+02
1.533655000000000079e+01	-6.633691947946808443e-04	-1.223930190875224611e+02
1.536560000000000059e+01	-6.688938443536622319e-04	-1.223333362004281923e+02
1.539465000000000039e+01	-6.741137374820824028e-04	-1.222732520535101344e+02
1.542370000000000019e+01	-6.790282804571609989e-04	-1.222127673742366341e+02
1.545275000000000176e+01	-6.836370119580498532e-04	-1.221518827978769366e+02
1.548179999999999978e+01	-6.879396023073836974e-04	-1.220905988656730869e+02
1.551085000000000136e+01	-6.919358522488800508e-04	-1.220289160228404910e+02
1.553989999999999938e+01	-6.956256919765778802e-04	-1.219668346166369020e+02
1.556895000000000095e+01	-6.990091794927782813e-04	-1.219043548945173683e+02
1.559800000000000075e+01	-7.020865006690517763e-04	-1.218414770022670552e+02
1.562705000000000055e+01	-7.048579667997249441e-04	-1.217782009821505227e+02
1.565610000000000035e+01	-7.073240144660123243e-04	-1.217145267711526913e+02
1.568515000000000015e+01	-7.094852039679373085e-04	-1.216504541991888004e+02
1.571420000000000172e+01	-7.113422185537504085e-04	-1.215859829872414650e+02
1.574324999999999974e+01	-7.128958620975518311e-04	-1.215211127458418474e+02
1.577230000000000132e+01	-7.141470601117656542e-04	-1.214558429731062574e+02
1.580134999999999934e+01	-7.150968564042928851e-04	-1.213901730531591596e+02
1.583040000000000092e+01	-7.157464131245244590e-04	-1.213241022544659842e+02
1.585945000000000071e+01	-7.160970093115710030e-04	-1.212576297280306221e+02
1.588850000000000051e+01	-7.161500395764862185e-04	-1.211907545058077886e+02
1.591755000000000031e+01	-7.159070132357731563e-04	-1.211234754990671689e+02
1.594660000000000011e+01	-7.153695527244238348e-04	-1.210557914966737627e+02
1.597565000000000168e+01	-7.145393925200368025e-04	-1.209877011635144868e+02
1.600469999999999970e+01	-7.134183778691811006e-04	-1.209192030386988677e+02
1.603375000000000128e+01	-7.120084635792859381e-04	-1.208502955341390361e+02
1.606279999999999930e+01	-7.103117133640500513e-04	-1.207809769327358538e+02
1.609185000000000088e+01	-7.083302973583602280e-04	-1.207112453867273132e+02
1.612089999999999890e+01	-7.060664921232589044e-04	-1.206410989162014999e+02
1.614995000000000047e+01	-7.035226785629290899e-04	-1.205705354072809143e+02
1.617900000000000205e+01	-7.007013406372707490e-04	-1.204995526105245176e+02
1.620805000000000007e+01	-6.976050653898849263e-04	-1.204281481392099522e+02
1.623710000000000164e+01	-6.942365394887296077e-04	-1.203563194676992794e+02
1.626614999999999966e+01	-6.905985497111548008e-04	-1.202840639297640450e+02
1.629520000000000124e+01	-6.866939810178908843e-04	-1.202113787167451449e+02
1.632424999999999926e+01	-6.825258153001569376e-04	-1.201382608759631268e+02
1.635330000000000084e+01	-6.780971295230224169e-04	-1.200647073089439516e+02
1.638235000000000241e+01	-6.734110955786260216e-04	-1.199907147695106744e+02
1.641140000000000043e+01	-6.684709779424564003e-04	-1.199162798621975980e+02
1.644044999999999845e+01	-6.632801327521035050e-04	-1.198413990402574569e+02
1.646950000000000003e+01	-6.578420061993314749e-04	-1.197660686039362901e+02
1.649855000000000160e+01	-6.521601336145702987e-04	-1.196902846985194344e+02
1.652759999999999962e+01	-6.462381376419592876e-04	-1.196140433124328979e+02
1.655665000000000120e+01	-6.400797273170517410e-04	-1.195373402753725145e+02
1.658569999999999922e+01	-6.336886962871541087e-04	-1.194601712562747622e+02
1.661475000000000080e+01	-6.270689211801704945e-04	-1.193825317612661365e+02
1.664379999999999882e+01	-6.202243612811595601e-04	-1.193044171316525421e+02
1.667285000000000039e+01	-6.131590560920305993e-04	-1.192258225419198112e+02
1.670190000000000197e+01	-6.058771244400541810e-04	-1.191467429974142078e+02
1.673094999999999999e+01	-5.983827621966766007e-04	-1.190671733322303112e+02
1.676000000000000156e+01	-5.906802425211160395e-04	-1.189871082070874024e+02
1.678904999999999959e+01	-5.827739126716790889e-04	-1.189065421068224282e+02
1.681810000000000116e+01	-5.746681936090006519e-04	-1.188254693383044867e+02
1.684714999999999918e+01	-5.663675780427569100e-04	-1.187438840278351222e+02
1.687620000000000076e+01	-5.578766290560558446e-04	-1.186617801187428398e+02
1.690525000000000233e+01	-5.491999791377723782e-04	-1.185791513689727310e+02
1.693430000000000035e+01	-5.403423274953872250e-04	-1.184959913483415335e+02
1.696334999999999837e+01	-5.313084399080396586e-04	-1.184122934359886585e+02
1.699239999999999995e+01	-5.221031461175101255e-04	-1.183280508176370915e+02
1.702145000000000152e+01	-5.127313391325642560e-04	-1.182432564827883112e+02
1.705049999999999955e+01	-5.031979730664832250e-04	-1.181579032218092351e+02
1.707955000000000112e+01	-4.935080617239426129e-04	-1.180719836230387614e+02
1.710859999999999914e+01	-4.836666774685483830e-04	-1.179854900696754925e+02
1.713765000000000072e+01	-4.736789489861775097e-04	-1.178984147366911515e+02
1.716669999999999874e+01	-4.635500602326070611e-04	-1.178107495876302551e+02
1.719575000000000031e+01	-4.532852484688654855e-04	-1.177224863711979879e+02
1.722480000000000189e+01	-4.428898027653023874e-04	-1.176336166178793974e+02
1.725384999999999991e+01	-4.323690624671145365e-04	-1.175441316364219659e+02
1.728290000000000148e+01	-4.217284155017454348e-04	-1.174540225101502102e+02
1.731194999999999951e+01	-4.109732963507189453e-04	-1.173632800932170142e+02
1.734100000000000108e+01	-4.001091853243773184e-04	-1.172718950067228008e+02
1.737004999999999910e+01	-3.891416057227500814e-04	-1.171798576346526204e+02
1.739910000000000068e+01	-3.780761229444964651e-04	-1.170871581197598630e+02
1.742815000000000225e+01	-3.669183421435442223e-04	-1.169937863592298868e+02
1.745720000000000027e+01	-3.556739073670431902e-04	-1.168997320003134064e+02
1.748624999999999829e+01	-3.443484989893213968e-04	-1.168049844355474818e+02
1.751529999999999987e+01	-3.329478321546173450e-04	-1.167095327981510735e+02
1.754435000000000144e+01	-3.214776552622896581e-04	-1.166133659569851204e+02
1.757339999999999947e+01	-3.099437479650685406e-04	-1.165164725114416626e+02
1.760245000000000104e+01	-2.983519192261840794e-04	-1.164188407861239369e+02
1.763149999999999906e+01	-2.867080057815761659e-04	-1.163204588252424116e+02
1.766055000000000064e+01	-2.750178700293240972e-04	-1.162213143869834795e+02
1.768959999999999866e+01	-2.632873984601347486e-04	-1.161213949374394474e+02
1.771865000000000023e+01	-2.515224993810080169e-04	-1.160206876444172224e+02
1.774770000000000181e+01	-2.397291013024354560e-04	-1.159191793709941152e+02
1.777674999999999983e+01	-2.279131508724049535e-04	-1.158168566687604653e+02
1.780580000000000140e+01	-2.160806110274409700e-04	-1.157137057707945615e+02
1.783484999999999943e+01	-2.042374590549800263e-04	-1.156097125843728577e+02
1.786390000000000100e+01	-1.923896843790343504e-04	-1.155048626833020080e+02
1.789294999999999902e+01	-1.805432868078371057e-04	-1.153991412999835831e+02
1.792200000000000060e+01	-1.687042744189490068e-04	-1.152925333170638424e+02
1.795105000000000217e+01	-1.568786615071063328e-04	-1.151850232587529206e+02
1.798010000000000019e+01	-1.450724664916249200e-04	-1.150765952817432662e+02
1.800914999999999822e+01	-1.332917099463342867e-04	-1.149672331656525301e+02
1.803819999999999979e+01	-1.215424123132659772e-04	-1.148569203031092911e+02
1.806725000000000136e+01	-1.098305919076328493e-04	-1.147456396892793151e+02
1.809629999999999939e+01	-9.816226272517668315e-05	-1.146333739109304730e+02
1.812535000000000096e+01	-8.654343225343229479e-05	-1.145201051349606303e+02
1.815439999999999898e+01	-7.498009929751549925e-05	-1.144058150963428773e+02
1.818345000000000056e+01	-6.347825172689393195e-05	-1.142904850854771013e+02
1.821249999999999858e+01	-5.204386426561104635e-05	-1.141740959348823878e+02
1.824155000000000015e+01	-4.068289620156374006e-05	-1.140566280052199204e+02
1.827060000000000173e+01	-2.940128911030224224e-05	-1.139380611705769013e+02
1.829964999999999975e+01	-1.820496452199096981e-05	-1.138183748029742048e+02
1.832870000000000132e+01	-7.099821592282718166e-06	-1.136975477560463474e+02
1.835774999999999935e+01	0.000000000000000000e+00	-1.135755583478383528e+02
1.838680000000000092e+01	-9.643274665532871356e-16	-1.134523843426508165e+02
1.841584999999999894e+01	0.000000000000000000e+00	-1.133280029318951563e+02
1.844490000000000052e+01	0.000000000000000000e+00	-1.132023907138855350e+02
1.847395000000000209e+01	0.000000000000000000e+00	-1.130755236724137944e+02
1.850300000000000011e+01	-9.643274665532871356e-16	-1.129473771542114946e+02
1.853204999999999814e+01	0.000000000000000000e+00	-1.128179258449976743e+02
1.856109999999999971e+01	0.000000000000000000e+00	-1.126871437441934489e+02
1.859015000000000128e+01	-9.643274665532871356e-16	-1.125550041381204522e+02
1.861919999999999931e+01	-9.643274665532871356e-16	-1.124214795715337516e+02
1.864825000000000088e+01	0.000000000000000000e+00	-1.122865418175514094e+02
1.867729999999999890e+01	-9.643274665532871356e-16	-1.121501618456503166e+02
1.870635000000000048e+01	0.000000000000000000e+00	-1.120123097877183227e+02
1.873539999999999850e+01	-9.643274665532871356e-16	-1.118729549019414407e+02
1.876445000000000007e+01	0.000000000000000000e+00	-1.117320655344979912e+02
1.879350000000000165e+01	0.000000000000000000e+00	-1.115896090787395423e+02
1.882254999999999967e+01	-9.643274665532871356e-16	-1.114455519317321261e+02
1.885160000000000124e+01	0.000000000000000000e+00	-1.112998594480700376e+02
1.888064999999999927e+01	-9.643274665532871356e-16	-1.111524958904505809e+02
1.890970000000000084e+01	0.000000000000000000e+00	-1.110034243771868319e+02
1.893874999999999886e+01	0.000000000000000000e+00	-1.108526068260229067e+02
1.896780000000000044e+01	-9.643274665532871356e-16	-1.107000038941761773e+02
1.899685000000000201e+01	0.000000000000000000e+00	-1.105455749143985003e+02
1.902590000000000003e+01	-9.643274665532871356e-16	-1.103892778262612353e+02
1.905494999999999806e+01	-1.928654933106574271e-15	-1.102310691029680498e+02
1.908399999999999963e+01	-1.928654933106574271e-15	-1.100709036727125323e+02
1.911305000000000121e+01	-9.643274665532871356e-16	-1.099087348346041892e+02
1.914209999999999923e+01	0.000000000000000000e+00	-1.097445141681832581e+02
1.917115000000000080e+01	0.000000000000000000e+00	-1.095781914366251328e+02
1.920020000000000238e+01	0.000000000000000000e+00	-1.094097144824724097e+02
1.922925000000000040e+01	0.000000000000000000e+00	-1.092390291155907533e+02
1.925829999999999842e+01	-9.643274665532871356e-16	-1.090660789925796337e+02
1.928734999999999999e+01	-9.643274665532871356e-16	-1.088908054868562942e+02
1.931640000000000157e+01	0.000000000000000000e+00	-1.087131475484409151e+02
1.934544999999999959e+01	0.000000000000000000e+00	-1.085330415530688981e+02
1.937449999999999761e+01	0.000000000000000000e+00	-1.083504211384035614e+02
1.940354999999999919e+01	0.000000000000000000e+00	-1.081652170274170288e+02
1.943260000000000076e+01	-9.643274665532871356e-16	-1.079773568373025370e+02
1.946164999999999878e+01	-9.643274665532871356e-16	-1.077867648717169260e+02
1.949070000000000036e+01	0.000000000000000000e+00	-1.075933618957739384e+02
1.951975000000000193e+01	0.000000000000000000e+00	-1.073970648917099169e+02
1.954879999999999995e+01	-9.643274665532871356e-16	-1.071977867925286887e+02
1.957784999999999798e+01	0.000000000000000000e+00	-1.069954361922339956e+02
1.960689999999999955e+01	0.000000000000000000e+00	-1.067899170298883860e+02
1.963595000000000113e+01	-9.643274665532871356e-16	-1.065811282442251979e+02
1.966499999999999915e+01	0.000000000000000000e+00	-1.063689633957695122e+02
1.969405000000000072e+01	0.000000000000000000e+00	-1.061533102531859072e+02
1.972310000000000230e+01	0.000000000000000000e+00	-1.059340503394006703e+02
1.975215000000000032e+01	0.000000000000000000e+00	-1.057110584321205522e+02
1.978119999999999834e+01	0.000000000000000000e+00	-1.054842020149615536e+02
1.981024999999999991e+01	0.000000000000000000e+00	-1.052533406708369625e+02
1.983930000000000149e+01	0.000000000000000000e+00	-1.050183254128923238e+02
1.986834999999999951e+01	0.000000000000000000e+00	-1.047789979430070844e+02
1.989739999999999753e+01	1.928654933106573877e-15	-1.045351898289074910e+02
1.992644999999999911e+01	0.000000000000000000e+00	-1.042867215903390843e+02
1.995550000000000068e+01	0.000000000000000000e+00	-1.040334016798648662e+02
1.998454999999999870e+01	-9.643274665532871356e-16	-1.037750253447797064e+02
2.001360000000000028e+01	-9.643274665532871356e-16	-1.035113733534478087e+02
2.004265000000000185e+01	0.000000000000000000e+00	-1.032422105650007040e+02
2.007169999999999987e+01	0.000000000000000000e+00	-1.029672843195393597e+02
2.010074999999999790e+01	-9.643274665532871356e-16	-1.026863226223956076e+02
2.012979999999999947e+01	0.000000000000000000e+00	-1.023990320873593589e+02
2.015885000000000105e+01	0.000000000000000000e+00	-1.021050956010746802e+02
2.018789999999999907e+01	0.000000000000000000e+00	-1.018041696639072029e+02
2.021695000000000064e+01	0.000000000000000000e+00	-1.014958813477166757e+02
2.024600000000000222e+01	-9.643274665532871356e-16	-1.011798248068599690e+02
2.027505000000000024e+01	0.000000000000000000e+00	-1.008555572581906148e+02
2.030409999999999826e+01	0.000000000000000000e+00	-1.005225943325039566e+02
2.033314999999999984e+01	-9.643274665532871356e-16	-1.001804046734502975e+02
2.036220000000000141e+01	-9.643274665532871356e-16	-9.982840363539796158e+01
2.039124999999999943e+01	0.000000000000000000e+00	-9.946594589250025820e+01
2.042029999999999745e+01	-9.643274665532871356e-16	-9.909231672417357117e+01
2.044934999999999903e+01	-9.643274665532871356e-16	-9.870672168529921464e+01
2.047840000000000060e+01	0.000000000000000000e+00	-9.830827428453225991e+01
2.050744999999999862e+01	0.000000000000000000e+00	-9.789598119487324368e+01
2.053650000000000020e+01	-9.643274665532871356e-16	-9.746872437660641708e+01
2.056555000000000177e+01	0.000000000000000000e+00	-9.702523930616344217e+01
2.059459999999999980e+01	-9.643274665532871356e-16	-9.656408824915718014e+01
2.062364999999999782e+01	0.000000000000000000e+00	-9.608362715645480989e+01
2.065269999999999939e+01	-1.928654933106574271e-15	-9.558196427034359033e+01
2.068175000000000097e+01	-9.643274665532871356e-16	-9.505690781698019975e+01
2.071079999999999899e+01	0.000000000000000000e+00	-9.450589914396465474e+01
2.073985000000000056e+01	0.000000000000000000e+00	-9.392592615755681607e+01
2.076890000000000214e+01	0.000000000000000000e+00	-9.331340966579118401e+01
2.079795000000000016e+01	0.000000000000000000e+00	-9.266405177643767388e+01
2.082699999999999818e+01	-9.643274665532871356e-16	-9.197263007665688406e+01
2.085604999999999976e+01	0.000000000000000000e+00	-9.123271255688479187e+01
2.088510000000000133e+01	0.000000000000000000e+00	-9.043625364773089359e+01
2.091414999999999935e+01	0.000000000000000000e+00	-8.957300655158766745e+01
2.094319999999999737e+01	-9.643274665532871356e-16	-8.862964178202781795e+01
2.097224999999999895e+01	0.000000000000000000e+00	-8.758837650785082474e+01
2.100130000000000052e+01	0.000000000000000000e+00	-8.642474928329508543e+01
2.103034999999999854e+01	0.000000000000000000e+00	-8.510381245279610596e+01
2.105940000000000012e+01	0.000000000000000000e+00	-8.357317692696540234e+01
2.108845000000000169e+01	-9.643274665532871356e-16	-8.174920039141674977e+01
2.111749999999999972e+01	-9.643274665532871356e-16	-7.948636661124142222e+01
2.114654999999999774e+01	-9.643274665532871356e-16	-7.649843969675451660e+01
2.117559999999999931e+01	0.000000000000000000e+00	-7.211150202909499285e+01
2.120465000000000089e+01	-1.062685482219297663e-05	-6.467783096231387674e+01
2.123369999999999891e+01	-2.252955248275736566e-05	-6.597730932593549369e+01
2.126275000000000048e+01	-3.452309811100948454e-05	-7.270333566789955171e+01
2.129180000000000206e+01	-4.659767504293559970e-05	-7.665405506446445827e+01
2.132085000000000008e+01	-5.874327542368575360e-05	-7.935699659299257291e+01
2.134989999999999810e+01	-7.094970540988805542e-05	-8.139452124211604200e+01
2.137894999999999968e+01	-8.320659074722804764e-05	-8.302195443634289518e+01
2.140800000000000125e+01	-9.550338262301406628e-05	-8.437201533410465970e+01
2.143704999999999927e+01	-1.078293638901736906e-04	-8.552216810444255657e+01
2.146609999999999729e+01	-1.201736558140940192e-04	-8.652147464157499712e+01
2.149514999999999887e+01	-1.325252248842565168e-04	-8.740294124971121903e+01
2.152420000000000044e+01	-1.448728903203902658e-04	-8.818982596113298200e+01
2.155324999999999847e+01	-1.572053317851994630e-04	-8.889912998453777959e+01
2.158230000000000004e+01	-1.695110974878633872e-04	-8.954365631829710992e+01
2.161135000000000161e+01	-1.817786128210423452e-04	-9.013328691013026628e+01
2.164039999999999964e+01	-1.939961892343809225e-04	-9.067580891735718751e+01
2.166944999999999766e+01	-2.061520335470290336e-04	-9.117746835964493357e+01
2.169849999999999923e+01	-2.182342577638010108e-04	-9.164335234685535170e+01
2.172755000000000081e+01	-2.302308892242905516e-04	-9.207765982940284744e+01
2.175659999999999883e+01	-2.421298811755966812e-04	-9.248389771647431701e+01
2.178565000000000040e+01	-2.539191236973043723e-04	-9.286502575218395350e+01
2.181470000000000198e+01	-2.655864552969619172e-04	-9.322356541206487179e+01
2.184375000000000000e+01	-2.771196744007170076e-04	-9.356168303242269246e+01
2.187279999999999802e+01	-2.885065519860273669e-04	-9.388125415793632556e+01
2.190184999999999960e+01	-2.997348439976688051e-04	-9.418391398079401711e+01
2.193090000000000117e+01	-3.107923044843962485e-04	-9.447109732540238269e+01
2.195994999999999919e+01	-3.216666990030088696e-04	-9.474407068070776461e+01
2.198899999999999721e+01	-3.323458186041991329e-04	-9.500395810360144822e+01
2.201804999999999879e+01	-3.428174941803086885e-04	-9.525176234839541678e+01
2.204710000000000036e+01	-3.530696110486534253e-04	-9.548838224543034414e+01
2.207614999999999839e+01	-3.630901239816083947e-04	-9.571462709691587634e+01
2.210519999999999996e+01	-3.728670728956045167e-04	-9.593122868686381821e+01
2.213425000000000153e+01	-3.823885984333228599e-04	-9.613885136600455894e+01
2.216329999999999956e+01	-3.916429584960206059e-04	-9.633810056920918896e+01
2.219234999999999758e+01	-4.006185445108740445e-04	-9.652953005139467280e+01
2.222139999999999915e+01	-4.093038984449467706e-04	-9.671364806614583642e+01
2.225045000000000073e+01	-4.176877301742342005e-04	-9.689092266915521634e+01
2.227949999999999875e+01	-4.257589348094834416e-04	-9.706178629073659181e+01
2.230855000000000032e+01	-4.335066107878754156e-04	-9.722663969624747438e+01
2.233760000000000190e+01	-4.409200777980034724e-04	-9.738585543025217817e+01
2.236664999999999992e+01	-4.479888952459754091e-04	-9.753978082520190185e+01
2.239569999999999794e+01	-4.547028811343555000e-04	-9.768874063793288087e+01
2.242474999999999952e+01	-4.610521303837590633e-04	-9.783303936910796494e+01
2.245380000000000109e+01	-4.670270345942983048e-04	-9.797296331129311397e+01
2.248284999999999911e+01	-4.726183005658835500e-04	-9.810878236313101297e+01
2.251189999999999714e+01	-4.778169701647770671e-04	-9.824075163998799098e+01
2.254094999999999871e+01	-4.826144393973788040e-04	-9.836911291141113622e+01
2.257000000000000028e+01	-4.870024787742747259e-04	-9.849409588373275426e+01
2.259904999999999831e+01	-4.909732518177419144e-04	-9.861591935125892405e+01
2.262809999999999988e+01	-4.945193354207226772e-04	-9.873479223020208906e+01
2.265715000000000146e+01	-4.976337397108992339e-04	-9.885091448974145578e+01
2.268619999999999948e+01	-5.003099268807417515e-04	-9.896447799359683017e+01
2.271524999999999750e+01	-5.025418313173061298e-04	-9.907566726140059643e+01
2.274429999999999907e+01	-5.043238785822140233e-04	-9.918466015881637077e+01
2.277335000000000065e+01	-5.056510050297492688e-04	-9.929162852634351566e+01
2.280239999999999867e+01	-5.065186765325634414e-04	-9.939673875076735499e+01
2.283145000000000024e+01	-5.069229071018933105e-04	-9.950015228703566095e+01
2.286050000000000182e+01	-5.068602779355655492e-04	-9.960202613543154371e+01
2.288954999999999984e+01	-5.063279548772320728e-04	-9.970251327866978386e+01
2.291859999999999786e+01	-5.053237065029607487e-04	-9.980176308239273908e+01
2.294764999999999944e+01	-5.038459213480760103e-04	-9.989992166328917733e+01
2.297670000000000101e+01	-5.018936245818624671e-04	-9.999713222736352236e+01
2.300574999999999903e+01	-4.994664944994669327e-04	-1.000935353820927105e+02
2.303479999999999706e+01	-4.965648779061363621e-04	-1.001892694237795780e+02
2.306384999999999863e+01	-4.931898054999192581e-04	-1.002844706027926236e+02
2.309290000000000020e+01	-4.893430057859909834e-04	-1.003792733695927382e+02
2.312194999999999823e+01	-4.850269189894167382e-04	-1.004738106013299159e+02
2.315099999999999980e+01	-4.802447093510024212e-04	-1.005682138129440091e+02
2.318005000000000138e+01	-4.750002776674872008e-04	-1.006626133527137199e+02
2.320909999999999940e+01	-4.692982716467982546e-04	-1.007571385846150491e+02
2.323814999999999742e+01	-4.631440963909579014e-04	-1.008519180578820169e+02
2.326719999999999899e+01	-4.565439229775923135e-04	-1.009470796660350942e+02
2.329625000000000057e+01	-4.495046963416731638e-04	-1.010427507958578275e+02
2.332529999999999859e+01	-4.420341426011970215e-04	-1.011390584685762093e+02
2.335435000000000016e+01	-4.341407737524486288e-04	-1.012361294723422418e+02
2.338340000000000174e+01	-4.258338925566419048e-04	-1.013340904898885242e+02
2.341244999999999976e+01	-4.171235951896666875e-04	-1.014330682205752368e+02
2.344149999999999778e+01	-4.080207733079178499e-04	-1.015331894986692163e+02
2.347054999999999936e+01	-3.985371136159622019e-04	-1.016345814094056408e+02
2.349960000000000093e+01	-3.886850973836691587e-04	-1.017373714041424932e+02
2.352864999999999895e+01	-3.784779972116447504e-04	-1.018416874151531886e+02
2.355769999999999698e+01	-3.679298730769558047e-04	-1.019476579726504184e+02
2.358674999999999855e+01	-3.570555661576777081e-04	-1.020554123254495806e+02
2.361580000000000013e+01	-3.458706920188558140e-04	-1.021650805664526018e+02
2.364484999999999815e+01	-3.343916307567431864e-04	-1.022767937643578051e+02
2.367389999999999972e+01	-3.226355167148211483e-04	-1.023906841057215615e+02
2.370295000000000130e+01	-3.106202258178660924e-04	-1.025068850466202974e+02
2.373199999999999932e+01	-2.983643612030559278e-04	-1.026255314778855166e+02
2.376104999999999734e+01	-2.858872375329726974e-04	-1.027467599068128123e+02
2.379009999999999891e+01	-2.732088627465567490e-04	-1.028707086562953208e+02
2.381915000000000049e+01	-2.603499188537550160e-04	-1.029975180856785641e+02
2.384819999999999851e+01	-2.473317401239272543e-04	-1.031273308363765295e+02
2.387725000000000009e+01	-2.341762903267899279e-04	-1.032602921049970917e+02
2.390630000000000166e+01	-2.209061373663217566e-04	-1.033965499484798869e+02
2.393534999999999968e+01	-2.075444264726577430e-04	-1.035362556252381552e+02
2.396439999999999770e+01	-1.941148517042108525e-04	-1.036795639770715951e+02
2.399344999999999928e+01	-1.806416253955751101e-04	-1.038266338562474687e+02
2.402250000000000085e+01	-1.671494459717448935e-04	-1.039776286044729403e+02
2.405154999999999887e+01	-1.536634642338335942e-04	-1.041327165896175444e+02
2.408059999999999690e+01	-1.402092474644626302e-04	-1.042920718068199903e+02
2.410964999999999847e+01	-1.268127423702685211e-04	-1.044558745530033974e+02
2.413870000000000005e+01	-1.135002360901081643e-04	-1.046243121829991196e+02
2.416774999999999807e+01	-1.002983157974740618e-04	-1.047975799581357279e+02
2.419679999999999964e+01	-8.723382671297323513e-05	-1.049758819987180800e+02
2.422585000000000122e+01	-7.433382873423903775e-05	-1.051594323544779570e+02
2.425489999999999924e+01	-6.162555163122872639e-05	-1.053484562080403748e+02
2.428394999999999726e+01	-4.913634898532834566e-05	-1.055431912302475155e+02
2.431299999999999883e+01	-3.689365089252507300e-05	-1.057438891081863801e+02
2.434205000000000041e+01	-2.492491554347365252e-05	-1.059508172711032756e+02
2.437109999999999843e+01	-1.325757975373587899e-05	-1.061642608434745938e+02
2.440015000000000001e+01	-1.919008571463908120e-06	-1.063845248601828217e+02
2.442920000000000158e+01	0.000000000000000000e+00	-1.066119367851788269e+02
2.445824999999999960e+01	0.000000000000000000e+00	-1.068468493834628532e+02
2.448729999999999762e+01	0.000000000000000000e+00	-1.070896440057352805e+02
2.451634999999999920e+01	0.000000000000000000e+00	-1.073407343584668467e+02
2.454540000000000077e+01	0.000000000000000000e+00	-1.076005708467067734e+02
2.457444999999999879e+01	-9.643274665532871356e-16	-1.078696455971456061e+02
2.460349999999999682e+01	-9.643274665532871356e-16	-1.081484982937752761e+02
2.463254999999999839e+01	-9.643274665532871356e-16	-1.084377229891205587e+02
2.466159999999999997e+01	-1.928654933106574271e-15	-1.087379760954237611e+02
2.469064999999999799e+01	0.000000000000000000e+00	-1.090499858109381535e+02
2.471969999999999956e+01	0.000000000000000000e+00	-1.093745633050346271e+02
2.474875000000000114e+01	0.000000000000000000e+00	-1.097126160743128622e+02
2.477779999999999916e+01	0.000000000000000000e+00	-1.100651639994521815e+02
2.480684999999999718e+01	-9.643274665532871356e-16	-1.104333587915796642e+02
2.483589999999999876e+01	0.000000000000000000e+00	-1.108185077291951757e+02
2.486495000000000033e+01	0.000000000000000000e+00	-1.112221028823137203e+02
2.489399999999999835e+01	0.000000000000000000e+00	-1.116458574264542847e+02
2.492304999999999993e+01	0.000000000000000000e+00	-1.120917512270675331e+02
2.495210000000000150e+01	0.000000000000000000e+00	-1.125620886952994084e+02
2.498114999999999952e+01	0.000000000000000000e+00	-1.130595731205208523e+02
2.501019999999999754e+01	0.000000000000000000e+00	-1.135874034624418982e+02
2.503924999999999912e+01	-9.643274665532871356e-16	-1.141494022897921212e+02
2.506830000000000069e+01	0.000000000000000000e+00	-1.147501877393191023e+02
2.509734999999999872e+01	1.928654933106573877e-15	-1.153954090427986898e+02
2.512639999999999674e+01	0.000000000000000000e+00	-1.160920761062840398e+02
2.515544999999999831e+01	0.000000000000000000e+00	-1.168490321779507326e+02
2.518449999999999989e+01	0.000000000000000000e+00	-1.176776513245129365e+02
2.521354999999999791e+01	0.000000000000000000e+00	-1.185929026662433046e+02
2.524259999999999948e+01	-1.928654933106574271e-15	-1.196150403138599358e+02
2.527165000000000106e+01	0.000000000000000000e+00	-1.207724200218059423e+02
2.530069999999999908e+01	0.000000000000000000e+00	-1.221064846764695062e+02
2.532974999999999710e+01	-9.643274665532871356e-16	-1.236812935889552136e+02
2.535879999999999868e+01	-9.643274665532871356e-16	-1.256036961695089502e+02
2.538785000000000025e+01	0.000000000000000000e+00	-1.280726376504562722e+02
2.541689999999999827e+01	-9.643274665532871356e-16	-1.315294453512011614e+02
2.544594999999999985e+01	-3.505788141569863049e-06	-1.373437777497463799e+02
2.547500000000000142e+01	-1.824627364321778689e-05	-1.602448340238051117e+02
2.550404999999999944e+01	-3.381499985874451733e-05	-1.381868020759448825e+02
2.553309999999999746e+01	-5.020130606742679029e-05	-1.319663784845892565e+02
2.556214999999999904e+01	-6.739312004864520206e-05	-1.283801330175086832e+02
2.559120000000000061e+01	-8.537697331310901418e-05	-1.258510507989443141e+02
2.562024999999999864e+01	-1.041380194126034536e-04	-1.238960897378193948e+02
2.564929999999999666e+01	-1.236600553043044762e-04	-1.223023435105953070e+02
2.567834999999999823e+01	-1.439255458132222170e-04	-1.209569430528058689e+02
2.570739999999999981e+01	-1.649156508718268286e-04	-1.197927895590363647e+02
2.573644999999999783e+01	-1.866102558774572202e-04	-1.187667258223238775e+02
2.576549999999999940e+01	-2.089880045958553384e-04	-1.178493446967589477e+02
2.579455000000000098e+01	-2.320263349958048902e-04	-1.170197025381273050e+02
2.582359999999999900e+01	-2.557015175695584973e-04	-1.162623520179646874e+02
2.585264999999999702e+01	-2.799886962945292534e-04	-1.155655711473533529e+02
2.588169999999999860e+01	-3.048619318767636552e-04	-1.149202527576354669e+02
2.591075000000000017e+01	-3.302942474133537128e-04	-1.143191792777768399e+02
2.593979999999999819e+01	-3.562576760834443431e-04	-1.137565327521771366e+02
2.596884999999999977e+01	-3.827233110628557727e-04	-1.132275540821578375e+02
2.599790000000000134e+01	-4.096613571109184934e-04	-1.127283000738682688e+02
2.602694999999999936e+01	-4.370411841961896514e-04	-1.122554664232745552e+02
2.605599999999999739e+01	-4.648313823781861573e-04	-1.118062562649115108e+02
2.608504999999999896e+01	-4.929998187804745602e-04	-1.113782808941806479e+02
2.611410000000000053e+01	-5.215136948432392942e-04	-1.109694836537687195e+02
2.614314999999999856e+01	-5.503396060263175118e-04	-1.105780807832725259e+02
2.617219999999999658e+01	-5.794436014747620474e-04	-1.102025148884911232e+02
2.620124999999999815e+01	-6.087912445892687801e-04	-1.098414179303965597e+02
2.623029999999999973e+01	-6.383476756878149905e-04	-1.094935814857704486e+02
2.625934999999999775e+01	-6.680776726377716471e-04	-1.091579326313029128e+02
2.628839999999999932e+01	-6.979457145862687922e-04	-1.088335142178750772e+02
2.631745000000000090e+01	-7.279160436014152314e-04	-1.085194686108779365e+02
2.634649999999999892e+01	-7.579527282035433602e-04	-1.082150241891314124e+02
2.637554999999999694e+01	-7.880197253310757379e-04	-1.079194840583053718e+02
2.640459999999999852e+01	-8.180809429032334656e-04	-1.076322165559371200e+02
2.643365000000000009e+01	-8.481003017114063618e-04	-1.073526472175237956e+02
2.646269999999999811e+01	-8.780417966179535462e-04	-1.070802519405761899e+02
2.649174999999999969e+01	-9.078695572003246759e-04	-1.068145511380998585e+02
2.652080000000000126e+01	-9.375479077903106423e-04	-1.065551047149199206e+02
2.654984999999999928e+01	-9.670414255350175689e-04	-1.063015077287899430e+02
2.657889999999999731e+01	-9.963149988857396278e-04	-1.060533866306243453e+02
2.660794999999999888e+01	-1.025333883468005801e-03	-1.058103959884025045e+02
2.663700000000000045e+01	-1.054063757020442475e-03	-1.055722156266704133e+02
2.666604999999999848e+01	-1.082470773675278880e-03	-1.053385481142420872e+02
2.669509999999999650e+01	-1.110521615394941984e-03	-1.051091165548725144e+02
2.672414999999999807e+01	-1.138183542187738576e-03	-1.048836626344895393e+02
2.675319999999999965e+01	-1.165424441006040037e-03	-1.046619448907326841e+02
2.678224999999999767e+01	-1.192212872352710036e-03	-1.044437371754120250e+02
2.681129999999999924e+01	-1.218518114860822274e-03	-1.042288272829517126e+02
2.684035000000000082e+01	-1.244310208665320040e-03	-1.040170157247472673e+02
2.686939999999999884e+01	-1.269559995084873624e-03	-1.038081146301461075e+02
2.689844999999999686e+01	-1.294239156304747770e-03	-1.036019467577289106e+02
2.692749999999999844e+01	-1.318320250675066203e-03	-1.033983446058778810e+02
2.695655000000000001e+01	-1.341776747816824560e-03	-1.031971496065871463e+02
2.698559999999999803e+01	-1.364583060114483645e-03	-1.029982113980955916e+02
2.701464999999999606e+01	-1.386714572473745754e-03	-1.028013871619018573e+02
2.704370000000000118e+01	-1.408147669450256299e-03	-1.026065410210117079e+02
2.707274999999999920e+01	-1.428859760844695828e-03	-1.024135434897893759e+02
2.710179999999999723e+01	-1.448829303671162437e-03	-1.022222709715847344e+02
2.713085000000000235e+01	-1.468035822960987247e-03	-1.020326052976150493e+02
2.715990000000000038e+01	-1.486459930456640426e-03	-1.018444333043102290e+02
2.718894999999999840e+01	-1.504083338927070246e-03	-1.016576464430348636e+02
2.721799999999999642e+01	-1.520888876836124729e-03	-1.014721404195914829e+02
2.724705000000000155e+01	-1.536860499461583989e-03	-1.012878148622808965e+02
2.727609999999999957e+01	-1.551983297298950267e-03	-1.011045730119283803e+02
2.730514999999999759e+01	-1.566243503650901082e-03	-1.009223214348105415e+02
2.733419999999999561e+01	-1.579628498567635332e-03	-1.007409697551908323e+02
2.736325000000000074e+01	-1.592126811751804144e-03	-1.005604304032994207e+02
2.739229999999999876e+01	-1.603728122799864472e-03	-1.003806183826218614e+02
2.742134999999999678e+01	-1.614423260157091212e-03	-1.002014510470456088e+02
2.745040000000000191e+01	-1.624204196796403144e-03	-1.000228478938569481e+02
2.747944999999999993e+01	-1.633064045358223948e-03	-9.984473036580480709e+01
2.750849999999999795e+01	-1.640997050862830816e-03	-9.966702166482363623e+01
2.753754999999999598e+01	-1.647998581410860773e-03	-9.948964657356908958e+01
2.756660000000000110e+01	-1.654065117447774949e-03	-9.931253128512965134e+01
2.759564999999999912e+01	-1.659194239583581393e-03	-9.913560324014287062e+01
2.762469999999999715e+01	-1.663384614666907606e-03	-9.895879096907549410e+01
2.765375000000000227e+01	-1.666635979710256142e-03	-9.878202394058929769e+01
2.768280000000000030e+01	-1.668949125800938326e-03	-9.860523241396023764e+01
2.771184999999999832e+01	-1.670325879752333331e-03	-9.842834729503289282e+01
2.774089999999999634e+01	-1.670769083821519070e-03	-9.825129999580154561e+01
2.776995000000000147e+01	-1.670282575440671822e-03	-9.807402229506067215e+01
2.779899999999999949e+01	-1.668871166049868239e-03	-9.789644620215527482e+01
2.782804999999999751e+01	-1.666540617296190067e-03	-9.771850382117698075e+01
2.785709999999999553e+01	-1.663297617458985196e-03	-9.754012721463649882e+01
2.788615000000000066e+01	-1.659149756672916986e-03	-9.736124826809911781e+01
2.791519999999999868e+01	-1.654105501724349248e-03	-9.718179855352946106e+01
2.794424999999999670e+01	-1.648174169419990053e-03	-9.700170919033702432e+01
2.797330000000000183e+01	-1.641365899068011761e-03	-9.682091070528687737e+01
2.800234999999999985e+01	-1.633691626261174696e-03	-9.663933288842542879e+01
2.803139999999999787e+01	-1.625163053318900291e-03	-9.645690464622336435e+01
2.806044999999999590e+01	-1.615792621944926776e-03	-9.627355384940412364e+01
2.808950000000000102e+01	-1.605593483174900474e-03	-9.608920717655628607e+01
2.811854999999999905e+01	-1.594579468724735289e-03	-9.590378995048597233e+01
2.814759999999999707e+01	-1.582765061367145606e-03	-9.571722596887106249e+01
2.817665000000000219e+01	-1.570165364970136680e-03	-9.552943732653383790e+01
2.820570000000000022e+01	-1.556796074865944872e-03	-9.534034422760340988e+01
2.823474999999999824e+01	-1.542673447517548457e-03	-9.514986478970021722e+01
2.826379999999999626e+01	-1.527814270909332028e-03	-9.495791483508321562e+01
2.829285000000000139e+01	-1.512235834324235145e-03	-9.476440766915943925e+01
2.832189999999999941e+01	-1.495955898362991403e-03	-9.456925384601818507e+01
2.835094999999999743e+01	-1.478992665575897935e-03	-9.437236091682179051e+01
2.837999999999999545e+01	-1.461364750276861624e-03	-9.417363316082727920e+01
2.840905000000000058e+01	-1.443091149880617544e-03	-9.397297129668612570e+01
2.843809999999999860e+01	-1.424191215063587814e-03	-9.377027217191853481e+01
2.846714999999999662e+01	-1.404684621381507891e-03	-9.356542842752520528e+01
2.849620000000000175e+01	-1.384591340820952744e-03	-9.335832813467445135e+01
2.852524999999999977e+01	-1.363931613678343469e-03	-9.314885440221060264e+01
2.855429999999999779e+01	-1.342725920388412745e-03	-9.293688494745580897e+01
2.858334999999999582e+01	-1.320994955131795517e-03	-9.272229163112312733e+01
2.861240000000000094e+01	-1.298759598421918380e-03	-9.250493994795553476e+01
2.864144999999999897e+01	-1.276040891082416608e-03	-9.228468846834576311e+01
2.867049999999999699e+01	-1.252860008478971386e-03	-9.206138822625355544e+01
2.869955000000000211e+01	-1.229238235312297110e-03	-9.183488204649094655e+01
2.872860000000000014e+01	-1.205196940798711680e-03	-9.160500380094191542e+01
2.875764999999999816e+01	-1.180757555017593677e-03	-9.137157758856113787e+01
2.878669999999999618e+01	-1.155941544902865841e-03	-9.113441682428602064e+01
2.881575000000000131e+01	-1.130770391701350300e-03	-9.089332322768130723e+01
2.884479999999999933e+01	-1.105265568897858966e-03	-9.064808569733511945e+01
2.887384999999999735e+01	-1.079448520288761072e-03	-9.039847905104871018e+01
2.890289999999999537e+01	-1.053340639273608707e-03	-9.014426261722029210e+01
2.893195000000000050e+01	-1.026963248473666650e-03	-8.988517864999538176e+01
2.896099999999999852e+01	-1.000337579952213221e-03	-8.962095054653332227e+01
2.899004999999999654e+01	-9.734847566326251984e-04	-8.935128082850729925e+01
2.901910000000000167e+01	-9.464257737684835100e-04	-8.907584885693350429e+01
2.904814999999999969e+01	-9.191814810867855691e-04	-8.879430823021466779e+01
2.907719999999999771e+01	-8.917725666062930115e-04	-8.850628381359848618e+01
2.910624999999999574e+01	-8.642195391807959860e-04	-8.821136833528359489e+01
2.913530000000000086e+01	-8.365427139664058679e-04	-8.790911847115364708e+01
2.916434999999999889e+01	-8.087621969695972957e-04	-8.759905031973239886e+01
2.919339999999999691e+01	-7.808978707359954738e-04	-8.728063415361410193e+01
2.922245000000000203e+01	-7.529693809011596059e-04	-8.695328830017979271e+01
2.925150000000000006e+01	-7.249961229282362706e-04	-8.661637197480730777e+01
2.928054999999999808e+01	-6.969972302379731990e-04	-8.626917684021074706e+01
2.930959999999999610e+01	-6.689915619690782250e-04	-8.591091701273462888e+01
2.933865000000000123e+01	-6.409976922745649593e-04	-8.554071715787870289e+01
2.936769999999999925e+01	-6.130338996977929616e-04	-8.515759821947456487e+01
2.939674999999999727e+01	-5.851181574093358142e-04	-8.476046019317868740e+01
2.942579999999999529e+01	-5.572681238822333339e-04	-8.434806117899890410e+01
2.945485000000000042e+01	-5.295011342785154286e-04	-8.391899170400343166e+01
2.948389999999999844e+01	-5.018341923232216319e-04	-8.347164297249021558e+01
2.951294999999999646e+01	-4.742839627893205849e-04	-8.300416723464803681e+01
2.954200000000000159e+01	-4.468667646889659846e-04	-8.251442780357969298e+01
2.957104999999999961e+01	-4.195985646502847300e-04	-8.199993529565311690e+01
2.960009999999999764e+01	-3.924949709878938894e-04	-8.145776527404008505e+01
2.962914999999999566e+01	-3.655712285808997326e-04	-8.088445038120489983e+01
2.965820000000000078e+01	-3.388422138042043274e-04	-8.027583685461505070e+01
2.968724999999999881e+01	-3.123224301370353334e-04	-7.962689031543244766e+01
2.971629999999999683e+01	-2.860260043657265189e-04	-7.893142767635229973e+01
2.974535000000000196e+01	-2.599666830701875819e-04	-7.818173867433493740e+01
2.977439999999999998e+01	-2.341578296139091198e-04	-7.736803761824491232e+01
2.980344999999999800e+01	-2.086124216500032710e-04	-7.647764497698064190e+01
2.983249999999999602e+01	-1.833430488452657053e-04	-7.549372166650903182e+01
2.986155000000000115e+01	-1.583619113863727940e-04	-7.439322685511140776e+01
2.989059999999999917e+01	-1.336808183723046906e-04	-7.314344822308237326e+01
2.991964999999999719e+01	-1.093111870920312502e-04	-7.169571413965505258e+01
2.994869999999999521e+01	-8.526404230891311618e-05	-6.997301422720552466e+01
2.997775000000000034e+01	-6.155001606096819386e-05	-6.784277146381515422e+01
3.000679999999999836e+01	-3.817934778989466344e-05	-6.504683201327266318e+01
3.003584999999999638e+01	-1.516188478243460213e-05	-6.097335320168718198e+01
3.006490000000000151e+01	0.000000000000000000e+00	-5.359871798510525309e+01
3.009394999999999953e+01	0.000000000000000000e+00	-5.042784642381984384e+01
3.012299999999999756e+01	-9.643274665532871356e-16	-5.942616352888298081e+01
3.015204999999999558e+01	-9.643274665532871356e-16	-6.399365227988310778e+01
3.018110000000000070e+01	0.000000000000000000e+00	-6.697967516728033388e+01
3.021014999999999873e+01	-9.643274665532871356e-16	-6.919061764981962881e+01
3.023919999999999675e+01	0.000000000000000000e+00	-7.094300226175698754e+01
3.026825000000000188e+01	-9.643274665532871356e-16	-7.239262270737667393e+01
3.029729999999999990e+01	0.000000000000000000e+00	-7.362750098555150657e+01
3.032634999999999792e+01	0.000000000000000000e+00	-7.470219242896736489e+01
3.035539999999999594e+01	-9.643274665532871356e-16	-7.565283566432314899e+01
3.038445000000000107e+01	0.000000000000000000e+00	-7.650460112155973036e+01
3.041349999999999909e+01	0.000000000000000000e+00	-7.727572092038549556e+01
3.044254999999999711e+01	-1.928654933106574271e-15	-7.797982415075284734e+01
3.047159999999999513e+01	0.000000000000000000e+00	-7.862736613848784373e+01
3.050065000000000026e+01	0.000000000000000000e+00	-7.922654305330139834e+01
3.052969999999999828e+01	0.000000000000000000e+00	-7.978389927256493763e+01
3.055874999999999631e+01	-9.643274665532871356e-16	-8.030474354300775985e+01
3.058780000000000143e+01	0.000000000000000000e+00	-8.079344188599556276e+01
3.061684999999999945e+01	0.000000000000000000e+00	-8.125362859930639559e+01
3.064589999999999748e+01	-9.643274665532871356e-16	-8.168836138247876022e+01
3.067494999999999550e+01	0.000000000000000000e+00	-8.210023744797966572e+01
3.070400000000000063e+01	-9.643274665532871356e-16	-8.249148182998450807e+01
3.073304999999999865e+01	-9.643274665532871356e-16	-8.286401551482683203e+01
3.076209999999999667e+01	0.000000000000000000e+00	-8.321950868520652023e+01
3.079115000000000180e+01	0.000000000000000000e+00	-8.355942281933999993e+01
3.082019999999999982e+01	-9.643274665532871356e-16	-8.388504433269426386e+01
3.084924999999999784e+01	-9.643274665532871356e-16	-8.419751172404869521e+01
3.087829999999999586e+01	-9.643274665532871356e-16	-8.449783767659043576e+01
3.090735000000000099e+01	0.000000000000000000e+00	-8.478692719922750598e+01
3.093639999999999901e+01	0.000000000000000000e+00	-8.506559263262035131e+01
3.096544999999999703e+01	-9.643274665532871356e-16	-8.533456614965963638e+01
3.099449999999999505e+01	0.000000000000000000e+00	-8.559451023634836986e+01
3.102355000000000018e+01	-9.643274665532871356e-16	-8.584602653615347378e+01
3.105259999999999820e+01	-1.928654933106574271e-15	-8.608966335521668611e+01
3.108164999999999623e+01	0.000000000000000000e+00	-8.632592206719961325e+01
3.111070000000000135e+01	0.000000000000000000e+00	-8.655526260625836699e+01
3.113974999999999937e+01	-9.643274665532871356e-16	-8.677810820342641307e+01
3.116879999999999740e+01	-9.643274665532871356e-16	-8.699484948832335363e+01
3.119784999999999542e+01	-9.643274665532871356e-16	-8.720584805851289900e+01
3.122690000000000055e+01	-9.643274665532871356e-16	-8.741143959881000569e+01
3.125594999999999857e+01	0.000000000000000000e+00	-8.761193661988633608e+01
3.128499999999999659e+01	0.000000000000000000e+00	-8.780763087236098841e+01
3.131405000000000172e+01	-9.643274665532871356e-16	-8.799879548355499992e+01
3.134309999999999974e+01	0.000000000000000000e+00	-8.818568685828138598e+01
3.137214999999999776e+01	0.000000000000000000e+00	-8.836854637519223843e+01
3.140119999999999578e+01	-9.643274665532871356e-16	-8.854760190877570381e+01
3.143025000000000091e+01	0.000000000000000000e+00	-8.872306920067038050e+01
3.145929999999999893e+01	-9.643274665532871356e-16	-8.889515310031954698e+01
3.148834999999999695e+01	-9.643274665532871356e-16	-8.906404869500653376e+01
3.151739999999999498e+01	0.000000000000000000e+00	-8.922994234255732238e+01
3.154645000000000010e+01	0.000000000000000000e+00	-8.939301262144375926e+01
3.157549999999999812e+01	0.000000000000000000e+00	-8.955343121045702048e+01
3.160454999999999615e+01	0.000000000000000000e+00	-8.971136370783325731e+01
3.163360000000000127e+01	-9.643274665532871356e-16	-8.986697040011313220e+01
3.166264999999999930e+01	-9.643274665532871356e-16	-9.002040698888350789e+01
3.169169999999999732e+01	0.000000000000000000e+00	-9.017182528345243497e+01
3.172074999999999534e+01	0.000000000000000000e+00	-9.032137386688552283e+01
3.174980000000000047e+01	0.000000000000000000e+00	-9.046919874258863103e+01
3.177884999999999849e+01	-9.643274665532871356e-16	-9.061544396783378374e+01
3.180789999999999651e+01	0.000000000000000000e+00	-9.076025228073538642e+01
3.183695000000000164e+01	0.000000000000000000e+00	-9.090376572780780862e+01
3.186599999999999966e+01	0.000000000000000000e+00	-9.104612629805848201e+01
3.189504999999999768e+01	0.000000000000000000e+00	-9.118747657109089744e+01
3.192409999999999570e+01	-9.643274665532871356e-16	-9.132796038625758683e+01
3.195315000000000083e+01	-9.643274665532871356e-16	-9.146772354049679166e+01
3.198219999999999885e+01	0.000000000000000000e+00	-9.160691452419270320e+01
3.201124999999999687e+01	0.000000000000000000e+00	-9.174568530324293647e+01
3.204029999999999490e+01	0.000000000000000000e+00	-9.188419215950540320e+01
3.206935000000000002e+01	0.000000000000000000e+00	-9.202259660008664355e+01
3.209839999999999804e+01	0.000000000000000000e+00	-9.216106635041199979e+01
3.212744999999999607e+01	-9.643274665532871356e-16	-9.229977644642846712e+01
3.215650000000000119e+01	0.000000000000000000e+00	-9.243891044464278650e+01
3.218554999999999922e+01	0.000000000000000000e+00	-9.257866177151944953e+01
3.221459999999999724e+01	0.000000000000000000e+00	-9.271923523848634829e+01
3.224364999999999526e+01	0.000000000000000000e+00	-9.286084875218413970e+01
3.227270000000000039e+01	-9.643274665532871356e-16	-9.300373525758598703e+01
3.230174999999999841e+01	-9.643274665532871356e-16	-9.314814495683917528e+01
3.233079999999999643e+01	0.000000000000000000e+00	-9.329434785786141049e+01
3.235985000000000156e+01	-9.643274665532871356e-16	-9.344263671702353236e+01
3.238889999999999958e+01	0.000000000000000000e+00	-9.359333045524715544e+01
3.241794999999999760e+01	0.000000000000000000e+00	-9.374677814533434628e+01
3.244699999999999562e+01	1.928654933106573877e-15	-9.390336369145623507e+01
3.247605000000000075e+01	-9.643274665532871356e-16	-9.406351135218886839e+01
3.250509999999999877e+01	-9.643274665532871356e-16	-9.422769229672618962e+01
3.253414999999999679e+01	-9.643274665532871356e-16	-9.439643243515573090e+01
3.256319999999999482e+01	-9.643274665532871356e-16	-9.457032182899568795e+01
3.259224999999999994e+01	0.000000000000000000e+00	-9.475002607680308131e+01
3.262129999999999797e+01	1.928654933106573877e-15	-9.493630018632998713e+01
3.265034999999999599e+01	-9.643274665532871356e-16	-9.513000560320598709e+01
3.267940000000000111e+01	-9.643274665532871356e-16	-9.533213128218827137e+01
3.270844999999999914e+01	0.000000000000000000e+00	-9.554381998548591071e+01
3.273749999999999716e+01	0.000000000000000000e+00	-9.576640141009291085e+01
3.276654999999999518e+01	0.000000000000000000e+00	-9.600143433823851069e+01
3.279560000000000031e+01	0.000000000000000000e+00	-9.625076085755475219e+01
3.282464999999999833e+01	0.000000000000000000e+00	-9.651657694519700215e+01
3.285369999999999635e+01	0.000000000000000000e+00	-9.680152556901531113e+01
3.288275000000000148e+01	-9.643274665532871356e-16	-9.710882128357809506e+01
3.291179999999999950e+01	-9.643274665532871356e-16	-9.744241968514828045e+01
3.294084999999999752e+01	0.000000000000000000e+00	-9.780725206724092402e+01
3.296989999999999554e+01	0.000000000000000000e+00	-9.820955701805949900e+01
3.299895000000000067e+01	1.928654933106573877e-15	-9.865735988960311431e+01
3.302799999999999869e+01	-9.643274665532871356e-16	-9.916118446076197301e+01
3.305704999999999671e+01	-9.643274665532871356e-16	-9.973514142674349614e+01
3.308609999999999474e+01	0.000000000000000000e+00	-1.003986518398200332e+02
3.311514999999999986e+01	0.000000000000000000e+00	-1.011792868453169376e+02
3.314419999999999789e+01	-9.643274665532871356e-16	-1.021176637181713289e+02
3.317324999999999591e+01	-1.928654933106574271e-15	-1.032763095361153773e+02
3.320230000000000103e+01	-9.643274665532871356e-16	-1.047563821948840967e+02
3.323134999999999906e+01	0.000000000000000000e+00	-1.067284180831609319e+02
3.326039999999999708e+01	-9.643274665532871356e-16	-1.094594123202037537e+02
3.328944999999999510e+01	0.000000000000000000e+00	-1.128494262533316714e+02
3.331850000000000023e+01	0.000000000000000000e+00	-1.127631229061867941e+02
3.334754999999999825e+01	-9.643274665532871356e-16	-1.079978506422471582e+02
3.337659999999999627e+01	0.000000000000000000e+00	-1.035248505718707293e+02
3.340565000000000140e+01	-9.643274665532871356e-16	-9.978167092787020920e+01
3.343469999999999942e+01	0.000000000000000000e+00	-9.644420377076217221e+01
3.346374999999999744e+01	-9.643274665532871356e-16	-9.325205905808631712e+01
3.349279999999999546e+01	-1.639887079524481186e-05	-8.997908954534494796e+01
3.352185000000000059e+01	-4.626503730565448811e-05	-8.634778191813501280e+01
3.355089999999999861e+01	-9.929156766821155907e-05	-8.185079653278816636e+01
3.357994999999999663e+01	-2.544058453280715129e-04	-7.499168766693806276e+01
3.360899999999999466e+01	-5.867876254857735778e-03	-2.872567431299350105e+01
3.363804999999999978e+01	0.000000000000000000e+00	-7.345457307748253584e+01
3.366709999999999781e+01	0.000000000000000000e+00	-7.888603827117037781e+01
3.369614999999999583e+01	0.000000000000000000e+00	-8.186265227195696070e+01
3.372520000000000095e+01	0.000000000000000000e+00	-8.386422642819952955e+01
3.375424999999999898e+01	0.000000000000000000e+00	-8.534958488775552610e+01
3.378329999999999700e+01	-1.175854724838387197e-06	-8.652071937783318845e+01
3.381234999999999502e+01	-1.130186623244381102e-05	-8.748399054339134295e+01
3.384140000000000015e+01	-2.001367194134779775e-05	-8.830202855436746745e+01
3.387044999999999817e+01	-2.760769820544608071e-05	-8.901469186033992287e+01
3.389949999999999619e+01	-3.426138343738242039e-05	-8.964886043536999694e+01
3.392855000000000132e+01	-4.008321422691961259e-05	-9.022350900019415576e+01
3.395759999999999934e+01	-4.513944156457700622e-05	-9.075254649238669913e+01
3.398664999999999736e+01	-4.946916137683571264e-05	-9.124650453602571076e+01
3.401569999999999538e+01	-5.309324548410849262e-05	-9.171359201780008163e+01
3.404475000000000051e+01	-5.601985670785482416e-05	-9.216038141801483619e+01
3.407379999999999853e+01	-5.824798587927458652e-05	-9.259227172117009275e+01
3.410284999999999656e+01	-5.976980434085843398e-05	-9.301381088889300486e+01
3.413189999999999458e+01	-6.057228999370809907e-05	-9.342892752888306518e+01
3.416094999999999970e+01	-6.063840288110332034e-05	-9.384110261303688105e+01
3.418999999999999773e+01	-5.994798426991717802e-05	-9.425350114151655134e+01
3.421904999999999575e+01	-5.847849449134169108e-05	-9.466907708291580548e+01
3.424810000000000088e+01	-5.620567076563361044e-05	-9.509066092586326135e+01
3.427714999999999890e+01	-5.310416622287753567e-05	-9.552103675828323048e+01
3.430619999999999692e+01	-4.914822049931056013e-05	-9.596301439755210083e+01
3.433524999999999494e+01	-4.431240615822146776e-05	-9.641950142960352821e+01
3.436430000000000007e+01	-3.857249334309879760e-05	-9.689357994203527369e+01
3.439334999999999809e+01	-3.190647408552439398e-05	-9.738859322669839003e+01
3.442239999999999611e+01	-2.429578885734831020e-05	-9.790824887596693316e+01
3.445145000000000124e+01	-1.572679815246476274e-05	-9.845674671500378849e+01
3.448049999999999926e+01	-6.192541084913839240e-06	-9.903894331694120012e+01
3.450954999999999728e+01	-9.643274665532871356e-16	-9.966057017466954449e+01
3.453859999999999530e+01	0.000000000000000000e+00	-1.003285312584447411e+02
3.456765000000000043e+01	-9.643274665532871356e-16	-1.010513200497848487e+02
3.459669999999999845e+01	0.000000000000000000e+00	-1.018396206262896300e+02
3.462574999999999648e+01	-9.643274665532871356e-16	-1.027072005463275559e+02
3.465479999999999450e+01	-9.643274665532871356e-16	-1.036722823634402744e+02
3.468384999999999962e+01	0.000000000000000000e+00	-1.047597316337394489e+02
3.471289999999999765e+01	1.928654933106573877e-15	-1.060047006831290872e+02
3.474194999999999567e+01	0.000000000000000000e+00	-1.074589924182354252e+02
3.477100000000000080e+01	-9.643274665532871356e-16	-1.092027135886411315e+02
3.480004999999999882e+01	0.000000000000000000e+00	-1.113661074715012944e+02
3.482909999999999684e+01	0.000000000000000000e+00	-1.141646389009543441e+02
3.485814999999999486e+01	0.000000000000000000e+00	-1.178510080573180403e+02
3.488719999999999999e+01	-9.643274665532871356e-16	-1.211942237712466124e+02
3.491624999999999801e+01	0.000000000000000000e+00	-1.190767618235244640e+02
3.494529999999999603e+01	-9.643274665532871356e-16	-1.150460163560578906e+02
3.497435000000000116e+01	0.000000000000000000e+00	-1.118665219356704341e+02
3.500339999999999918e+01	-9.643274665532871356e-16	-1.094091753265119848e+02
3.503244999999999720e+01	0.000000000000000000e+00	-1.074255146100867364e+02
3.506149999999999523e+01	0.000000000000000000e+00	-1.057606380050481079e+02
3.509055000000000035e+01	0.000000000000000000e+00	-1.043196282744837475e+02
3.511959999999999837e+01	0.000000000000000000e+00	-1.030405515045937932e+02
3.514864999999999640e+01	0.000000000000000000e+00	-1.018786964348876580e+02
3.517769999999999442e+01	-9.643274665532871356e-16	-1.007949562987098204e+02
3.520674999999999955e+01	-9.643274665532871356e-16	-9.974068998462138325e+01
3.523579999999999757e+01	0.000000000000000000e+00	-9.862416512537480173e+01
3.526484999999999559e+01	0.000000000000000000e+00	-9.722024495920622655e+01
3.529390000000000072e+01	-9.643274665532871356e-16	-9.495434555988337877e+01
3.532294999999999874e+01	0.000000000000000000e+00	-9.064554390595338873e+01
3.535199999999999676e+01	-1.518035992306932197e-04	-8.238032446449268775e+01
3.538104999999999478e+01	-3.075357618775170776e-03	-5.435907976236309480e+01
3.541009999999999991e+01	0.000000000000000000e+00	-7.578187627354370193e+01
3.543914999999999793e+01	0.000000000000000000e+00	-7.788458010500616524e+01
3.546819999999999595e+01	0.000000000000000000e+00	-7.706463086402222018e+01
3.549725000000000108e+01	0.000000000000000000e+00	-7.419224775874008060e+01
3.552629999999999910e+01	-9.643274665532871356e-16	-6.828617997028229070e+01
3.555534999999999712e+01	-9.643274665532871356e-16	-6.730536509542845636e+01
3.558439999999999515e+01	0.000000000000000000e+00	-7.479489294667415322e+01
3.561345000000000027e+01	0.000000000000000000e+00	-7.928060946296346856e+01
3.564249999999999829e+01	-9.643274665532871356e-16	-8.223385440967513205e+01
3.567154999999999632e+01	-9.643274665532871356e-16	-8.427019265511231083e+01
3.570059999999999434e+01	1.928654933106573877e-15	-8.583131081713786159e+01
3.572964999999999947e+01	0.000000000000000000e+00	-9.234154060033372957e+01
3.575869999999999749e+01	0.000000000000000000e+00	-1.037776165366052226e+02
3.578774999999999551e+01	0.000000000000000000e+00	-9.798507781062804156e+01
3.581680000000000064e+01	-9.643274665532871356e-16	-9.755172527458276477e+01
3.584584999999999866e+01	0.000000000000000000e+00	-9.802057084103782358e+01
3.587489999999999668e+01	0.000000000000000000e+00	-9.877302363374755600e+01
3.590394999999999470e+01	0.000000000000000000e+00	-9.963858039865820615e+01
3.593299999999999983e+01	0.000000000000000000e+00	-1.005559382104817843e+02
3.596204999999999785e+01	-9.643274665532871356e-16	-1.014998678594697594e+02
3.599109999999999587e+01	0.000000000000000000e+00	-1.024590355931097321e+02
3.602015000000000100e+01	0.000000000000000000e+00	-1.034275607408741280e+02
3.604919999999999902e+01	0.000000000000000000e+00	-1.044010143707333640e+02
3.607824999999999704e+01	-9.643274665532871356e-16	-1.053739059813295000e+02
3.610729999999999507e+01	1.928654933106573877e-15	-1.063375321091968431e+02
3.613635000000000019e+01	-9.643274665532871356e-16	-1.072777565285072967e+02
3.616539999999999822e+01	0.000000000000000000e+00	-1.081727940794718990e+02
3.619444999999999624e+01	-9.643274665532871356e-16	-1.089917646795509256e+02
3.622349999999999426e+01	-9.643274665532871356e-16	-1.096957254842123888e+02
3.625254999999999939e+01	0.000000000000000000e+00	-1.102434085138856972e+02
3.628159999999999741e+01	0.000000000000000000e+00	-1.106023507601888127e+02
3.631064999999999543e+01	-9.643274665532871356e-16	-1.107616522341460410e+02
3.633970000000000056e+01	-9.643274665532871356e-16	-1.107387781807500744e+02
3.636874999999999858e+01	-9.643274665532871356e-16	-1.105756923596562444e+02
3.639779999999999660e+01	-9.643274665532871356e-16	-1.103278329410431837e+02
3.642684999999999462e+01	-9.643274665532871356e-16	-1.100538635889168120e+02
3.645589999999999975e+01	0.000000000000000000e+00	-1.098113743486969440e+02
3.648494999999999777e+01	-1.355461122631123258e-05	-1.096593432281766667e+02
3.651399999999999579e+01	-2.656616405589445537e-05	-1.096670525416010520e+02
3.654305000000000092e+01	-3.706343549197927767e-05	-1.099321250470717217e+02
3.657209999999999894e+01	-4.519204938747591732e-05	-1.106197543727643193e+02
3.660114999999999696e+01	-5.110775093572051764e-05	-1.120690689780638820e+02
3.663019999999999499e+01	-5.496606217660894941e-05	-1.151980624011626730e+02
3.665925000000000011e+01	-5.691491370511508592e-05	-1.244705872936521160e+02
3.668829999999999814e+01	-5.708937623947830849e-05	-1.170104693580070290e+02
3.671734999999999616e+01	-5.560769806142584754e-05	-1.075048735516374023e+02
3.674639999999999418e+01	-5.256792135567825479e-05	-1.014249541262571768e+02
3.677544999999999931e+01	-4.804436708244005661e-05	-9.649347054111180455e+01
3.680449999999999733e+01	-4.208321615588651480e-05	-9.207217695036905525e+01
3.683354999999999535e+01	-3.469626185175251503e-05	-8.787682950406293969e+01
3.686260000000000048e+01	-2.585172945385280735e-05	-8.374008160595501238e+01
3.689164999999999850e+01	-1.546132134939920825e-05	-7.953776961524098965e+01
3.692069999999999652e+01	-3.365828239968764792e-06	-7.515575469486616100e+01
3.694974999999999454e+01	-1.928654933106574271e-15	-7.046668041725128262e+01
3.697879999999999967e+01	-9.643274665532871356e-16	-6.530230080613007715e+01
3.700784999999999769e+01	0.000000000000000000e+00	-5.940267137597412983e+01
3.703689999999999571e+01	0.000000000000000000e+00	-5.228779370638291368e+01
3.706595000000000084e+01	-1.235189810286385929e-04	-4.278763219158635422e+01
3.709499999999999886e+01	-1.410951849270205768e-02	-2.493711527884740065e+01
3.712404999999999688e+01	-1.868779991924237119e-02	-2.367236589473968777e+01
3.715309999999999491e+01	-9.250151797075988058e-02	-1.676899536081536368e+01
3.718215000000000003e+01	-3.664020957595280625e-02	-2.083703875418988716e+01
3.721119999999999806e+01	-1.608267796194914542e-02	-2.437199303290944030e+01
3.724024999999999608e+01	-2.727693969990004907e-01	-1.216874201903029018e+01
3.726929999999999410e+01	-1.429512953052891134e-03	-3.520888655320320737e+01
3.729834999999999923e+01	-2.591790919042225201e-04	-4.330381563806943745e+01
3.732739999999999725e+01	-8.060113882591451897e-05	-4.853867978642560388e+01
3.735644999999999527e+01	-1.864919227357609964e-05	-5.233270787717234640e+01
3.738550000000000040e+01	0.000000000000000000e+00	-5.518139937706521891e+01
3.741454999999999842e+01	0.000000000000000000e+00	-5.729780899204766342e+01
3.744359999999999644e+01	-1.928654933106574271e-15	-5.875700780288650549e+01
3.747264999999999446e+01	-9.643274665532871356e-16	-5.953055561351602876e+01
3.750169999999999959e+01	-9.643274665532871356e-16	-5.946983701291522806e+01
3.753074999999999761e+01	0.000000000000000000e+00	-5.822474869168070200e+01
3.755979999999999563e+01	0.000000000000000000e+00	-5.495849537609707625e+01
3.758885000000000076e+01	-4.810212256906432179e-05	-4.655275816426563296e+01
3.761789999999999878e+01	-1.862391064382808341e-05	-4.192749260701348391e+01
3.764694999999999681e+01	-9.643274665532871356e-16	-5.030743506049824987e+01
3.767599999999999483e+01	0.000000000000000000e+00	-5.028435017855284173e+01
3.770504999999999995e+01	-3.029014268973110723e-04	-4.349988116053144438e+01
3.773409999999999798e+01	-2.519280366667446232e-04	-4.097893153456815440e+01
3.776314999999999600e+01	-2.254594851365865674e-05	-5.089207570083092946e+01
3.779219999999999402e+01	-7.161405731774756270e-04	-5.321186464728925358e+01
3.782124999999999915e+01	-1.778190858934659141e-02	-4.945576809205375923e+01
3.785029999999999717e+01	-3.365601494246610401e-03	-5.321289108285338898e+01
3.787934999999999519e+01	-4.476061722344294334e-04	-6.859086544120499696e+01
3.790840000000000032e+01	-2.447993355855142776e-05	-8.226223989564223871e+01
3.793744999999999834e+01	0.000000000000000000e+00	-9.078326563385813586e+01
3.796649999999999636e+01	0.000000000000000000e+00	-8.278789765579051618e+01
3.799554999999999438e+01	0.000000000000000000e+00	-8.038883134202671954e+01
3.802459999999999951e+01	-9.643274665532871356e-16	-7.927438776195391767e+01
3.805364999999999753e+01	0.000000000000000000e+00	-7.865629568451774389e+01
3.808269999999999555e+01	0.000000000000000000e+00	-7.827026974054651021e+01
3.811175000000000068e+01	-9.643274665532871356e-16	-7.800269607584796461e+01
3.814079999999999870e+01	0.000000000000000000e+00	-7.779740627498098604e+01
3.816984999999999673e+01	0.000000000000000000e+00	-7.762401677377957299e+01
3.819889999999999475e+01	0.000000000000000000e+00	-7.746503597178700318e+01
3.822794999999999987e+01	0.000000000000000000e+00	-7.730993172380459555e+01
3.825699999999999790e+01	-9.643274665532871356e-16	-7.715214864695666108e+01
3.828604999999999592e+01	-9.643274665532871356e-16	-7.698750374933024432e+01
3.831509999999999394e+01	-9.643274665532871356e-16	-7.681327618868837703e+01
3.834414999999999907e+01	-9.643274665532871356e-16	-7.662766801371019199e+01
3.837319999999999709e+01	-9.643274665532871356e-16	-7.642947300581583647e+01
3.840224999999999511e+01	-9.643274665532871356e-16	-7.621786702265866609e+01
3.843130000000000024e+01	-1.928654933106574271e-15	-7.599227170022456335e+01
3.846034999999999826e+01	-9.643274665532871356e-16	-7.575226371307786621e+01
3.848939999999999628e+01	0.000000000000000000e+00	-7.549751300302729362e+01
3.851844999999999430e+01	0.000000000000000000e+00	-7.522773978597379596e+01
3.854749999999999943e+01	0.000000000000000000e+00	-7.494268391496578374e+01
3.857654999999999745e+01	-9.643274665532871356e-16	-7.464208245474181069e+01
3.860559999999999548e+01	0.000000000000000000e+00	-7.432565273232224001e+01
3.863465000000000060e+01	-9.643274665532871356e-16	-7.399307901823539169e+01
3.866369999999999862e+01	-9.643274665532871356e-16	-7.364400156348703774e+01
3.869274999999999665e+01	-9.643274665532871356e-16	-7.327800708763491855e+01
3.872179999999999467e+01	0.000000000000000000e+00	-7.289462005578559456e+01
3.875084999999999980e+01	0.000000000000000000e+00	-7.249329423944087125e+01
3.877989999999999782e+01	-9.643274665532871356e-16	-7.207340415618637053e+01
3.880894999999999584e+01	-9.643274665532871356e-16	-7.163423604386109389e+01
3.883799999999999386e+01	0.000000000000000000e+00	-7.117497805508513409e+01
3.886704999999999899e+01	-9.643274665532871356e-16	-7.069470936580617604e+01
3.889609999999999701e+01	-9.643274665532871356e-16	-7.019238787980549432e+01
3.892514999999999503e+01	0.000000000000000000e+00	-6.966683617978382870e+01
3.895420000000000016e+01	0.000000000000000000e+00	-6.911672532645656020e+01
3.898324999999999818e+01	1.928654933106573877e-15	-6.854055603439982747e+01
3.901229999999999620e+01	-9.643274665532871356e-16	-6.793663665514475269e+01
3.904134999999999422e+01	0.000000000000000000e+00	-6.730305726472040817e+01
3.907039999999999935e+01	0.000000000000000000e+00	-6.663765897470022992e+01
3.909944999999999737e+01	-9.643274665532871356e-16	-6.593799734624928988e+01
3.912849999999999540e+01	-9.643274665532871356e-16	-6.520129846156343945e+01
3.915755000000000052e+01	0.000000000000000000e+00	-6.442440576192268509e+01
3.918659999999999854e+01	0.000000000000000000e+00	-6.360371514276755534e+01
3.921564999999999657e+01	0.000000000000000000e+00	-6.273509492353548467e+01
3.924469999999999459e+01	0.000000000000000000e+00	-6.181378605777489099e+01
3.927374999999999972e+01	0.000000000000000000e+00	-6.083427611812165736e+01
3.930279999999999774e+01	0.000000000000000000e+00	-5.979013785764572475e+01
3.933184999999999576e+01	0.000000000000000000e+00	-5.867381897402684388e+01
3.936089999999999378e+01	0.000000000000000000e+00	-5.747636316014382629e+01
3.938994999999999891e+01	-9.643274665532871356e-16	-5.618703197113379844e+01
3.941899999999999693e+01	0.000000000000000000e+00	-5.479277945071086009e+01
3.944804999999999495e+01	-2.649646421611842126e-05	-5.327750103211953814e+01
3.947710000000000008e+01	-7.336044335735469706e-05	-5.162092324822243938e+01
3.950614999999999810e+01	-1.288956538490509572e-04	-4.979689622164731588e+01
3.953519999999999612e+01	-1.985562808429845976e-04	-4.777063949814419175e+01
3.956424999999999415e+01	-2.938710346099428607e-04	-4.549403127072526587e+01
3.959329999999999927e+01	-4.419013379689531941e-04	-4.289693002362877650e+01
3.962234999999999729e+01	-7.153006050115754376e-04	-3.986954957006398104e+01
3.965139999999999532e+01	-1.349094797100846167e-03	-3.622149914699005535e+01
3.968045000000000044e+01	-3.359662683340503778e-03	-3.156534482270707187e+01
3.970949999999999847e+01	-1.441302920502273571e-02	-2.484822723526355759e+01
3.973854999999999649e+01	-4.801327805778662361e-01	-9.800609641148103179e+00
3.976759999999999451e+01	-1.022231403746846762e-01	-1.622411711893813901e+01
3.979664999999999964e+01	-3.325956577804635439e-02	-2.116241785470185732e+01
3.982569999999999766e+01	-1.123386491052993756e-02	-2.588606679938683541e+01
3.985474999999999568e+01	-5.479362466340088889e-02	-1.901981755788465378e+01
3.988379999999999370e+01	-1.764167561820473573e-01	-1.400426634567165607e+01
3.991284999999999883e+01	-4.784408304674787615e-01	-9.836353974301839997e+00
3.994189999999999685e+01	-2.720691618066850004e-01	-1.219602118894184883e+01
3.997094999999999487e+01	-5.375111731058569708e-02	-1.913023233380608801e+01
4.000000000000000000e+01	-2.643226339719624216e-02	-2.215835515425732893e+01
